0.00050082 0.000318886 88657.3
0.00050217 0.000143277 91080
0.000527116 -2.5561e-05 92997.2
0.000526138 0.000500438 85044
0.000574382 -0.000187048 94950.3
0.000583935 0.000685899 82373.7
0.000643395 -0.00034052 96707.8
0.000678249 0.000873278 80502.5
0.000734277 -0.000484996 97464.8
0.000807065 0.00106492 81105.4
0.000847815 -0.000619026 98048.3
0.000969994 0.00126609 80817.3
0.000985273 -0.000740541 98029.8
0.00114903 -0.000845459 97797.7
0.00117391 0.00148066 80525.2
0.00135636 0.00165196 80613.3
0.00134254 -0.000925712 97179.5
0.00149812 0.00177163 80891.8
0.00156751 -0.000976085 96871.1
0.00164722 0.00188966 81229.9
0.00180339 0.00200662 81540.2
0.00182511 -0.00100331 96646.5
0.00196613 0.00212312 81870.7
0.00213496 0.0022399 82381.4
0.002121 -0.00101915 96516.2
0.00230933 0.00235786 82667.9
0.00236173 -0.00102938 96496.3
0.00248875 0.00247791 82806.9
0.00252789 -0.00103814 96440.3
0.00267308 0.00260049 82871.1
0.00269809 -0.00104876 96387.3
0.00286245 0.00272561 82803.3
0.00287266 -0.00106111 96321.8
0.00305709 0.00285318 82694
0.00305169 -0.00107499 96253.7
0.00325723 0.0029831 82518.3
0.00323531 -0.00109017 96181.3
0.0034631 0.00311522 82300.5
0.00342362 -0.00110633 96118.4
0.00361677 -0.00112321 96054.4
0.00367495 0.00324939 82030.1
0.00381486 -0.0011407 96004.9
0.00389307 0.0033854 81769.8
0.004018 -0.00115889 95943.2
0.00411772 0.00352305 81442.1
0.00422627 -0.00117792 95903.5
0.00434922 0.00366206 81153.9
0.00443979 -0.00119796 95861.6
0.00458785 0.00380213 80805.4
0.00465863 -0.00121918 95824.1
0.00483393 0.00394294 80363.9
0.0048829 -0.0012418 95783
0.00508779 0.00408409 80007.3
0.00511267 -0.00126602 95740
0.00534971 0.00422522 79686.8
0.00534803 -0.00129201 95697.8
0.00561991 0.00436609 79402.7
0.00558908 -0.00131988 95657.1
0.00583593 -0.00134973 95621.8
0.00589854 0.00450651 79082.8
0.00608865 -0.00138164 95580.5
0.00618579 0.00464628 78743.3
0.00634736 -0.00141571 95531
0.00648181 0.0047852 78378.1
0.00661215 -0.00145204 95492.2
0.00678676 0.00492305 78123.2
0.0068831 -0.00149073 95447.3
0.00710082 0.00505962 77798.3
0.00716032 -0.00153191 95401.5
0.00742413 0.00519465 77508.1
0.00744389 -0.0015757 95358.6
0.0077339 -0.00162221 95316.5
0.00775685 0.0053279 77117.2
0.00803043 -0.00167158 95275.1
0.00809915 0.00545911 76821.5
0.00833357 -0.00172395 95228.1
0.00845118 0.00558794 76460.3
0.00864339 -0.00177943 95182.9
0.00881315 0.00571398 76047.4
0.00895999 -0.00183815 95135.7
0.00918526 0.00583667 75676.7
0.00928344 -0.00190021 95087.4
0.00956771 0.00595544 75302.3
0.00961381 -0.00196573 95038.4
0.00996069 0.00606965 74923.8
0.00995118 -0.00203484 94986.8
0.0102956 -0.00210768 94939.7
0.0103644 0.00617861 74520.9
0.0106472 -0.0021844 94891.8
0.0107789 0.00628158 74037.9
0.0110059 -0.0022652 94841.5
0.0112044 0.00637788 73867.1
0.0113719 -0.00235022 94777.3
0.0116408 0.00646709 73653.6
0.0117451 -0.00243957 94719.3
0.0121257 -0.00253329 94668.8
0.0120881 0.00654899 73543.6
0.0125138 -0.00263139 94604.5
0.0125463 0.00662342 73370.2
0.0129093 -0.00273389 94538.4
0.0130152 0.00669026 73237.4
0.0133124 -0.00284091 94478
0.0134948 0.0067494 73173.7
0.0137231 -0.00295269 94418.7
0.0139851 0.00680071 73020.6
0.0141413 -0.00306947 94361.6
0.0144859 0.00684399 72823.5
0.0145671 -0.00319145 94296.8
0.0149971 0.00687899 72691.1
0.0150004 -0.00331873 94222.3
0.0154414 -0.00345133 94155.3
0.0155188 0.00690547 72536.3
0.01589 -0.00358928 94077.6
0.0160509 0.00692322 72323.3
0.0163463 -0.00373269 94002.8
0.0165931 0.00693192 72141.9
0.0168102 -0.00388166 93940.8
0.0171455 0.0069312 71971.9
0.0172818 -0.00403631 93857.3
0.0177079 0.00692067 71701.9
0.017761 -0.00419675 93778.5
0.0182479 -0.00436308 93704.6
0.0182801 0.0068999 71346.3
0.0187423 -0.00453539 93636
0.0188621 0.00686826 70937.8
0.0192443 -0.00471378 93539.8
0.0194534 0.00682501 70771.7
0.0197537 -0.00489835 93457.7
0.020054 0.00676937 70406.7
0.0202706 -0.0050892 93383.7
0.0206634 0.0067005 70187.8
0.0207949 -0.00528646 93294.4
0.0213265 -0.00549021 93207.1
0.0212814 0.00661752 69803.6
0.0218653 -0.00570059 93129.9
0.0219074 0.00651952 69478.9
0.0224111 -0.00591772 93051
0.0225412 0.00640614 69448.5
0.022964 -0.00614173 92956.8
0.0231824 0.006278 69317.9
0.0235237 -0.00637273 92871.5
0.0238311 0.00613618 69229.9
0.02409 -0.00661094 92804.3
0.0244871 0.00598133 68978.3
0.0246626 -0.0068571 92726.2
0.0252409 -0.00711234 92644.5
0.0251502 0.00581326 68501.8
0.0258244 -0.00737716 92543.6
0.0258198 0.00563149 68292.3
0.0264132 -0.007651 92391.4
0.0264956 0.00543533 67774.3
0.0270075 -0.00793295 92258
0.0271769 0.0052239 67303.1
0.0276076 -0.00822246 92142.5
0.0278631 0.0049964 66699.9
0.0282132 -0.00851942 92023.9
0.0285537 0.00475232 66277.7
0.0288242 -0.00882381 91892.9
0.029248 0.00449134 65664.3
0.0294404 -0.00913568 91783.4
0.0300613 -0.00945531 91671.8
0.0299457 0.00421349 65286.3
0.0306866 -0.00978316 91570.2
0.0306464 0.00391912 64612.9
0.0313158 -0.0101197 91451.8
0.0313494 0.00360757 63821.6
0.0319483 -0.0104653 91318.2
0.032053 0.00327636 63023
0.0325838 -0.0108201 91208.1
0.0327554 0.00292344 62429.2
0.033222 -0.0111842 91063.7
0.0334565 0.00254955 62488.8
0.0338625 -0.0115576 90924.5
0.0341566 0.00215702 62273.2
0.034505 -0.0119403 90775.6
0.0348561 0.00174757 62160.3
0.0351491 -0.0123323 90637.2
0.0357945 -0.0127334 90501.8
0.0355551 0.0013221 61836.5
0.0362533 0.000881339 61396.1
0.0364409 -0.0131438 90257.5
0.037088 -0.0135631 90098
0.0369505 0.000425827 60655.8
0.0377354 -0.0139913 89922.2
0.0376461 -4.46847e-05 59902.6
0.038383 -0.0144281 89688.6
0.0383388 -0.000531144 58985.2
0.0390303 -0.0148733 89493.5
0.0390271 -0.00103458 58046
0.0396773 -0.0153266 89272.3
0.0397097 -0.00155577 57195.5
0.0403236 -0.0157877 89055.8
0.0403858 -0.00209466 56543.2
0.040969 -0.0162564 88820.4
0.0410551 -0.0026506 55835.4
0.0416132 -0.0167324 88576.7
0.0417173 -0.00322283 55471.9
0.0422561 -0.0172152 88374.6
0.0423723 -0.00381059 55065.2
0.0428976 -0.0177045 88109.6
0.0430198 -0.00441312 54452.2
0.0435373 -0.0181999 87877.4
0.0436597 -0.00502968 54097.8
0.044175 -0.0187013 87668.2
0.0442919 -0.00565951 53786
0.0448103 -0.0192084 87396.8
0.0449164 -0.00630177 53446.8
0.0454429 -0.0197211 87160.1
0.0455334 -0.0069555 53270.1
0.0460723 -0.0202394 86878.6
0.046143 -0.00761971 53096.5
0.0466981 -0.0207631 86593.2
0.0467457 -0.00829338 52633.3
0.0473199 -0.021292 86329.7
0.0473412 -0.00897606 51809.2
0.0479279 -0.00966826 50492.9
0.0479373 -0.0218261 86084
0.04855 -0.0223651 85797.1
0.0485039 -0.010371 48678.9
0.049067 -0.011085 46976
0.0491576 -0.0229087 85493.1
0.0496152 -0.0118111 44670.8
0.0497599 -0.0234567 85186.9
0.0501466 -0.0125496 42633.5
0.0503567 -0.0240087 84862
0.050661 -0.0132997 41191.8
0.0509477 -0.0245643 84498
0.0511609 -0.0140586 40220.7
0.0515327 -0.0251233 84167.3
0.0516512 -0.0148225 39747.3
0.0521117 -0.0256851 83757.7
0.0521368 -0.0155876 40154.1
0.0526846 -0.0262491 83396.8
0.0526206 -0.0163517 41104.4
0.0531029 -0.0171139 41797.3
0.0532518 -0.0268147 82974
0.0535838 -0.017874 42832.3
0.0538133 -0.0273812 82569.8
0.0540631 -0.0186316 43577.4
0.0543692 -0.027948 82217.8
0.0545407 -0.0193862 44351
0.0549195 -0.0285148 81845
0.0550164 -0.0201377 45216.9
0.0554641 -0.029081 81452.8
0.05549 -0.0208858 46026.2
0.056003 -0.0296464 81110.9
0.0559611 -0.0216301 46857.7
0.0564297 -0.0223704 47327.4
0.0565359 -0.0302108 80728.6
0.0568956 -0.0231064 47776.5
0.0570625 -0.030774 80399.1
0.0573586 -0.0238379 47917.7
0.0575826 -0.0313359 79985.9
0.0578185 -0.0245645 47861.6
0.0580959 -0.0318963 79694.1
0.0582752 -0.0252861 47598.8
0.0586021 -0.032455 79333.5
0.0587285 -0.0260023 47170.3
0.0591013 -0.0330118 78987.2
0.0591783 -0.026713 46360.2
0.0595932 -0.0335664 78642.3
0.0596245 -0.0274178 45630.4
0.0600777 -0.0341188 78238.3
0.0600668 -0.0281166 44523.5
0.0605547 -0.0346685 77949.3
0.0605052 -0.0288092 43847.1
0.0610241 -0.0352155 77553.4
0.0609394 -0.0294953 43043.4
0.0614858 -0.0357594 77165.8
0.0613695 -0.0301748 42118.7
0.0617952 -0.0308474 41255.1
0.0619397 -0.0363002 76799.6
0.0622165 -0.031513 40641.9
0.0623859 -0.0368374 76436.7
0.0626333 -0.0321715 39610.8
0.0628242 -0.037371 76065.1
0.0630454 -0.0328226 38794.9
0.0632548 -0.0379007 75723.5
0.0634528 -0.0334662 37957.2
0.0636775 -0.0384262 75381.8
0.0638554 -0.0341021 37195
0.0640924 -0.0389475 74950
0.064253 -0.0347303 36414.3
0.0644995 -0.0394642 74512.6
0.0646457 -0.0353507 35648.6
0.0648989 -0.0399762 74179
0.0650333 -0.035963 34758.4
0.0652906 -0.0404832 73765.4
0.0654157 -0.0365673 34105.5
0.0656746 -0.0409852 73417.8
0.065793 -0.0371634 33441.3
0.066051 -0.0414819 72994.8
0.0661649 -0.0377513 32613.2
0.06642 -0.0419732 72560.4
0.0665316 -0.0383308 32327.5
0.0667815 -0.0424589 72171.7
0.066893 -0.0389019 31380.9
0.0671356 -0.0429388 71763.6
0.0672491 -0.0394645 30847.6
0.0674825 -0.0434129 71377.6
0.0676 -0.0400186 30416.1
0.0678223 -0.0438809 70897.8
0.0679456 -0.0405639 29666
0.0681549 -0.0443428 70631.5
0.0682859 -0.0411007 29168.5
0.0684806 -0.0447985 70129.3
0.0686207 -0.0416289 28640.9
0.0687994 -0.0452479 69650.2
0.0689499 -0.0421486 28197.4
0.0691115 -0.0456909 69214.3
0.0692733 -0.0426598 27610.8
0.0694169 -0.0461273 68852.8
0.069591 -0.0431627 27231.7
0.0697157 -0.0465572 68369
0.0699027 -0.0436572 26298.8
0.0700082 -0.0469804 67982.8
0.0702086 -0.0441435 25140.3
0.0702943 -0.0473969 67575.2
0.0705088 -0.0446213 24285.1
0.0705742 -0.0478067 67083.3
0.070848 -0.0482097 66792.3
0.0708036 -0.0450905 31260.3
0.0711158 -0.048606 66264.1
0.0710932 -0.0455512 47711.4
0.0713777 -0.0489954 65803.9
0.0713779 -0.0460031 47679.2
0.0716337 -0.0493781 65360.6
0.0716577 -0.0464463 47721.8
0.0718841 -0.0497539 64913.1
0.0719328 -0.0468808 47681.5
0.0721289 -0.050123 64490.9
0.0722033 -0.0473066 47434.3
0.0723683 -0.0504852 64022.3
0.072469 -0.0477238 47300.6
0.0726024 -0.0508406 63604.9
0.0727297 -0.0481328 47235.1
0.0728313 -0.0511891 63176.1
0.0729853 -0.0485336 47032.9
0.0730552 -0.0515309 62768.8
0.0732357 -0.0489264 46391.1
0.0732741 -0.0518659 62361.1
0.0734882 -0.0521942 61821.9
0.0734809 -0.0493114 45920
0.0736975 -0.0525159 61486.7
0.0737206 -0.0496888 45720.9
0.0739021 -0.052831 61130.3
0.073955 -0.0500586 45433.6
0.0741019 -0.0531396 60764.5
0.0741841 -0.050421 45082.4
0.0742971 -0.0534419 60397.4
0.0744081 -0.0507758 44685.2
0.0744876 -0.0537379 59902.4
0.0746272 -0.0511232 44418.7
0.0746736 -0.0540277 59417
0.0748417 -0.0514631 44296.9
0.0748551 -0.0543114 58878.6
0.0750322 -0.054589 58338.1
0.0750517 -0.0517955 44180.9
0.0752051 -0.0548606 57727.7
0.0752573 -0.0521206 44102.2
0.0753741 -0.0551261 56857.6
0.0754588 -0.0524383 44111.4
0.0755395 -0.0553854 56162.8
0.0756563 -0.0527487 44131.3
0.0757014 -0.0556386 55019.3
0.0758498 -0.0530519 44213.8
0.0758601 -0.0558857 54285.2
0.0760158 -0.0561267 53346.7
0.0760396 -0.0533481 44280.1
0.0761688 -0.0563615 51971.6
0.0762253 -0.0536374 44270.2
0.07632 -0.0565896 49358.3
0.076407 -0.0539202 44164.9
0.0764704 -0.0568105 47078.8
0.0765845 -0.0541966 43980.2
0.0766207 -0.0570237 44956.4
0.0767576 -0.0544668 43633.4
0.0767709 -0.0572294 42697
0.0769263 -0.0547311 43252.9
0.0769206 -0.0574279 40874.2
0.0770694 -0.0576195 39374.2
0.0770905 -0.0549896 42824.7
0.0772171 -0.0578046 38121
0.0772501 -0.0552425 42330.9
0.0773634 -0.0579833 36890.4
0.0774052 -0.0554898 41683
0.0775082 -0.058156 35861.9
0.0775556 -0.0557318 41172.3
0.0777014 -0.0559686 40617.1
0.0776514 -0.0583228 34587.5
0.0777931 -0.0584837 33600
0.0778425 -0.0562002 40032.8
0.0779337 -0.0586385 32332.2
0.0779791 -0.0564267 39504
0.0780733 -0.0587872 30382
0.0781114 -0.056648 39052.4
0.0782116 -0.0589301 29467.3
0.07824 -0.056864 38884.1
0.0783477 -0.0590681 28864.2
0.0783653 -0.0570744 38930.7
0.0784807 -0.0592023 28802.5
0.0784876 -0.0572793 39103.8
0.0786075 -0.0574787 39458.3
0.0786098 -0.0593338 29375.4
0.078725 -0.0576724 39901.3
0.0787346 -0.0594628 29829.8
0.0788406 -0.0578606 40574.7
0.0788564 -0.0595885 29618.4
0.0789543 -0.0580433 41137
0.0789769 -0.0597091 28371.6
0.0790663 -0.0582206 41995.2
0.0790978 -0.0598234 25941.7
0.0791769 -0.0583927 42908.4
0.0792385 -0.0599433 22618.9
0.079286 -0.0585596 43867.4
0.0793937 -0.0587214 45069.3
0.0793889 -0.0600565 18731.5
0.0795001 -0.0588784 46327.5
0.0795254 -0.0601361 13549.1
0.0796054 -0.0590309 47991.2
0.079656 -0.0601722 4386.76
0.0797178 -0.0591904 50298.8
0.0797773 -0.0601598 27732.6
0.0798291 -0.0593455 53151.7
0.0798808 -0.0601103 31820.2
0.079923 -0.0594783 46571.4
0.0799601 -0.0600346 30877.2
0.0799965 -0.0595996 34888.6
0.0800143 -0.05994 29445.6
0.0800403 -0.0597179 21890.1
0.0800445 -0.0598331 5894.78
