1.61102e+06
1.40234e+06
1.26137e+06
1.15945e+06
1.07827e+06
1.01206e+06
959551
913731
872913
837708
807361
781875
757765
735757
716111
698435
680854
663481
647345
632693
619229
607713
597376
587580
578258
569724
561742
554069
546375
538844
532036
526127
521547
518273
515724
513706
512249
511565
511923
513099
515132
518467
523510
530926
541636
557449
580954
607646
631726
649707
661859
669505
673500
674836
673838
671026
667018
662435
657375
652119
646838
641434
636193
631091
626412
622032
618494
615991
615513
619288
617118
603214
596678
643986
863235
756050
728351
677234
647684
630953
609673
588473
576612
578967
559384
547727
536853
529425
525318
519557
513854
508653
504126
499235
495414
493087
492045
492026
492947
495176
498818
502558
507534
512256
516327
521425
525127
524308
522109
519001
515077
508987
502457
494243
484818
475869
466735
457886
448720
439388
430416
421544
412850
404259
395842
387609
379914
372985
364651
357618
350958
345910
338577
332918
327565
322699
318330
314292
311394
307650
305229
306461
300021
297410
295881
295459
293739
294963
291769
290901
290184
289570
290344
289050
290469
290673
293989
294132
293413
294216
301459
308741
298011
298674
300350
302203
302743
302954
305502
304108
306073
308637
309037
308320
311943
307227
309520
308611
304040
300920
308251
297711
296109
296101
296616
291837
292723
291020
284444
283125
280338
280490
277807
291117
279495
279715
272791
267260
273801
265154
259560
262748
259416
258782
256636
257562
256636
255101
254256
253148
251280
249388
248440
246759
244993
243401
242666
241099
241534
239355
238181
239351
235683
239887
243069
267176
266119
276852
250932
275193
275227
324217
308228
298117
352619
347818
347300
412231
374897
455541
563698
462949
447698
524209
566224
521898
718676
634386
567270
529082
588650
550447
624167
698302
543933
611165
594688
564781
751633
675541
592596
620066
686096
643918
717161
756485
629373
599022
670145
622770
733296
722629
667247
683200
754010
746424
743890
701386
640459
589652
566614
528782
477749
555027
500175
440866
478133
469270
447259
458696
453869
446215
467327
457570
442012
446388
484826
491171
486712
476217
481424
494981
492406
512701
503056
481168
482460
507740
495872
518139
517707
489465
511006
479913
512195
518402
496109
505004
485785
536750
518372
501915
540687
490576
505213
529528
501037
491191
485335
469943
539042
483885
710684
999003
1.17766e+06
1.67816e+06
1.63462e+06
1.44534e+06
1.30615e+06
1.18875e+06
1.11965e+06
1.04125e+06
995558
958486
928170
885419
855633
834406
809799
776984
750196
739813
725222
726299
717082
703490
695566
691627
680903
675261
677775
678986
679311
683275
693095
685485
718549
687759
690605
696094
700299
690388
678234
674398
670599
666453
648325
654060
639509
633679
622431
607895
588343
590146
582923
582150
585582
588317
586025
578023
569864
567829
566147
564619
560208
568628
560720
555605
545067
543853
535095
530197
521708
519662
518433
516978
519178
517865
519979
517696
519195
520081
526147
530714
537448
553109
579831
594905
597729
594967
564171
558937
549478
556164
545162
553211
543817
532034
533559
537239
519098
503398
497300
501235
506927
514554
522452
521554
532426
522916
507788
506032
509393
488550
486641
470733
455850
458302
453946
461490
517126
522971
516080
456329
416943
407671
408680
418876
416106
428683
451247
459989
446770
449381
440871
441818
419657
424246
462008
403758
405386
402082
404408
398303
397741
393139
380416
361343
360430
347524
345940
357843
332528
302443
297834
296771
295348
298136
296290
295420
288695
283453
282773
273417
266396
263597
262005
254694
248703
241369
230665
230326
235171
226788
222084
216086
209748
208429
208348
209715
211723
215249
219768
240401
210948
207426
194109
190394
189992
192891
199561
197330
197845
203065
201462
202628
201712
202659
197610
187726
179229
172226
171385
175968
192496
187618
192285
237321
285541
358249
605855
512884
604185
620044
560334
616665
612051
602488
549604
511018
418726
386547
363683
333215
286853
252064
221453
228426
238458
222696
202376
194105
204546
188866
190649
188147
214976
197396
186139
221389
182310
181574
172308
168220
189341
201195
188356
180099
171795
198649
209853
192105
187100
199840
191311
204027
210869
190911
206301
200466
196401
206301
209652
215521
200404
212280
215897
204691
210080
231333
198588
219437
230852
211752
195146
195963
200237
204896
227188
201781
190692
208578
196289
203633
198251
195224
188780
187592
219439
217347
229725
204164
203750
201529
208672
208159
192739
214907
202491
226251
199782
191140
206027
188693
192302
197593
217787
201053
191296
191372
198285
196807
191950
189711
236819
197685
203074
201173
194084
194024
192345
179772
182367
196979
199282
192328
182667
178292
184283
177112
170174
169707
169124
166181
167359
165364
168474
174016
175382
169685
169600
168094
171247
178932
174822
178565
182958
183935
182301
171443
172154
167815
172641
183010
186400
185057
178100
176750
173274
175187
173685
185654
185053
174088
177294
180465
178207
178562
180987
185097
180704
172279
173706
174335
176613
176877
176099
179567
178732
171636
170111
172651
172305
174665
179110
179614
180061
183804
183415
184600
190645
185262
179078
187567
189336
191274
187988
188546
186769
189720
194081
199454
203710
203047
197887
195313
207189
212130
197234
193138
199814
193556
187058
179784
180583
189484
184217
204952
201002
191998
197384
196210
187095
194448
198106
207409
194701
195358
204364
196718
192471
197439
189255
183063
188659
190773
185896
183433
188880
196619
204950
210496
215653
211171
213780
202368
201213
202938
190894
187405
179322
181553
173838
181595
187629
215246
209513
210635
232969
187254
203090
202593
201217
199886
209846
207176
198783
185376
184851
184829
187605
192552
190366
195608
199987
201127
249841
212362
217052
211699
194245
195771
208789
213114
213133
209644
209348
210332
199819
202225
197007
196603
192153
184411
191968
194186
193175
209383
211133
218890
224517
213141
203925
215786
206627
194215
191189
195422
190925
181662
180614
180792
172816
177454
177275
178378
177305
177757
181257
180948
176092
170920
173347
173043
176390
181154
179002
177878
174358
176035
177336
177384
178290
177907
177146
181970
184397
184903
184446
188612
193287
195663
197589
198731
209250
210473
214636
211852
212385
218964
237939
252387
245539
245853
260759
292281
277223
266719
281443
277724
287327
248031
245703
239434
251380
259953
237667
247644
224774
250114
220183
231336
238793
208497
190687
173935
167649
159906
153315
154046
161086
148153
178188
133993
122238
119847
114222
120148
111318
107177
105174
102420
101650
101337
99220.4
96986
97072.6
95732
94739.7
96578.1
105771
97288.5
96264.8
93641.8
94511.7
91337.4
89176.6
91686.9
88861.1
86657.2
84570.6
86063.5
83891.5
83435.3
82834.6
81881.6
80678.7
79546.8
78581.4
77744.5
77806.8
78542.9
77829.8
76846.8
75977.5
76033.9
75329.5
74344.2
73599.2
73386.1
73190.1
72387.4
72093.3
72941.5
73402.9
73856.4
74937.6
74955.9
79073.8
78623.8
80226
82109.3
83256
82683.4
83971.4
81357.3
80138.2
80842.5
77651.9
86485.4
75840.9
74972.1
74934.2
75673.1
75543.6
73670.7
74203.8
73124.2
71443.5
70111.2
68464
67491.7
75450.5
68524.3
69051.9
71240.6
72578.6
70865.3
69416.6
68628.9
71676.7
71440.6
68595.3
68528.5
67608.2
65592.5
65131.8
66005.6
67058.6
65884.6
65654
65478.4
67554.2
66793.4
65679.2
66920.2
63789.9
63961.4
62197.6
61714
63689.6
60292.5
59654.4
61092.7
60083
59023.4
58863.4
58981.9
58209.8
58152.3
58811.3
59466.6
57995.6
57832.1
57363.6
57639.5
57025.8
56914.2
56203.9
59152.1
62108.7
61569.2
60186.8
62065.7
64542.4
63950.8
61358
61477.1
60637.9
62015.2
63752.9
63685.7
60323.1
59398.3
61026.7
60710.3
61358.2
61661.9
62333.1
62010.5
65583.1
63090.1
65139.8
60725.6
63610.7
60528.9
59990
61508.6
60284.6
61294.9
64000.6
60478.4
61069.8
60255.9
60707.3
59227.6
58846.7
60651.5
61085.4
61828.4
62229.5
62417.1
61131.5
59937.9
62661.7
59899.5
59238.4
59919.4
60920.7
84256.5
61785.4
64772.9
66842.1
64828.9
62492.1
61854
61321.8
60417.6
60739
61254.9
61992.6
61303.6
63121.7
62112.1
60638.3
64647.6
63669.3
61285.4
62857.4
60651.9
62234
61915.2
61268.9
62329.6
63624.4
63291.7
61118.4
62244.2
62802.8
62659.9
60264.6
61445.6
59520.7
60287.3
57930.5
58778.1
58804.3
58040.7
59180
58326.1
59199.2
57997.3
57689.7
60656.7
58835.8
59852.3
60224
59106.1
59946.9
60655.6
59017.2
61579
62870.8
61889
61923
60821.9
61433.9
60617.4
60372.6
60194
60543
57637.1
59172
59305.3
60640.9
58420.9
61173.1
59074.7
57937.9
58347.6
56763.8
59642.3
56401.4
58069
60927.7
58423.4
53071.8
52448.9
53417.6
50659.2
53180.5
51038.3
54144.5
51611.6
49729
51209.2
49396.7
51847.8
49418.6
50843.4
48963.3
52134.3
49970.1
51965.9
52430.2
53621.1
53581
49658.9
49255.7
53220.6
49485.8
48110
56930.6
46605.9
60371.9
47696.5
54622.3
52074.5
49314.5
61519.6
57222.8
53214.6
48672
54597
53468.9
48759.3
82432.9
68725.4
45800.5
55998.6
53054.2
52251.5
53023.2
53863.1
43537.2
50786.4
52345.8
51058.2
56609.6
45970.6
43672.5
53030.7
40260.6
42054.8
47903.8
40486.6
47356.1
47787.4
42196.8
48018
45342.6
50730
49426.2
47695.9
47945.5
46495.8
43448.4
42482.1
43883.3
38562.4
42378.9
37156.4
41799.3
36968.8
40621.8
35620.1
41992.7
39235.8
39011
41261.6
37788.7
41360.3
37020.7
39898
47900.6
40391.7
44750.7
38748.7
42873.5
38397.6
34488.8
32220.5
33193.4
37266.2
35077.5
34657.2
34939.7
35901.8
35778.5
35966.1
32622.2
36436.9
30581.1
30220.4
34774.3
31673.9
34827.7
31429.3
28677.4
32981.7
32983.1
30062.1
33783.8
30629.2
35191.3
29047.5
32880
27380
31336.1
30553.3
31344.8
28825.8
37501.2
33515.8
33492.6
29180
28671
27295.2
26621.2
27813.7
27332.9
26699.1
26264.5
27260.6
26949.8
27915.7
47279
29065
28186
26905
28508.6
28146.6
27033.4
35082.3
27247.8
28037.8
26486.2
25767.4
28325.2
28608.2
27907.6
26890.3
26616.5
26627.6
27869.7
27752.2
27831.8
28470.2
30072.4
34404.8
32714.1
30739.4
30849.3
28485
28187.8
28548.9
28052.6
29045.4
30199.4
31238.7
34920.4
31618.4
30380
29635.8
29293.2
30851.2
30626.1
29462.3
29517.1
28553.2
27920.3
30966.2
28788.6
37827.4
37845.7
36778.2
35597.7
36363.9
37439.1
39107.4
31817.4
30994.6
31047.5
29890.9
27987.4
28327.9
28148.8
28699.1
29051.4
28397.3
28407.3
32916.2
31138.4
31232.6
32231.3
33575
35516.9
36417.6
34496.8
37890.7
34907.6
34444.9
36325.6
38767.3
37745.4
34391.3
41866.4
43118.8
38567.2
38452.3
58983.5
34776.2
34895.3
34288.6
34134.9
35781.8
33646
33474.4
32486.5
36933.5
35789.2
36493.8
40267.6
40453.9
43970.6
44085.5
42493.4
39787.9
37813.2
37742.8
37701.7
38800.9
37885.2
36729.2
36000.6
35769
33960.1
33669.4
38000.9
36332.2
33122.1
33872.1
35211.4
33195.9
38281.2
34599.5
35809.3
35421.5
35422.2
34251.1
33761.5
35644.2
36359.8
33462.2
34021.1
35955.5
34659
34185.5
31986
32093
31534.6
28735.8
29017
29424.3
29348.3
29777.4
30328.7
30669.7
29731.2
29536.5
30372.7
30399.4
31533.6
30730.9
29026.1
29244
30065.7
29817.6
29281.2
28410.1
27536.8
27521.5
26560.1
27080.4
28075.5
28173.4
29529.3
28426.7
28113.1
27566.1
26930.9
26474.6
26603.4
26415.2
26007.8
25475.8
25274.4
25107.5
25060
26235.5
25762.9
25098.9
24149.1
23956.5
23839.2
23953.7
26352.4
25410
25249.9
24686.1
24136.6
24054.2
25245.7
24778
23865.2
23017.9
24273.8
23016.8
23644.7
23124
23070.8
23392.2
23376.7
23966.1
22593.4
22493.9
23035
25003.8
24692
23889
24511
24207.1
25661.3
29938.1
26698.8
24901.2
25195.9
24163.9
23984.8
23650.2
23483
25529.9
23497.8
22832.9
23344.7
24256.7
23134.3
23077.5
21897.7
21814.6
21048
22199.5
23552.1
24175
23607.6
22537.8
22671.4
21902.5
22277.3
21620.5
21326.7
22723.2
26228.4
29906.4
29520.3
28529.3
29099.7
28570.2
28151.7
28775.7
29567.6
29150.5
28794.9
30535
34653.6
40877.8
33959
32257.2
33154.4
31589.8
29783.9
31917.4
34327.8
33931.5
36754.8
34290.6
35416.6
38594.3
33059.6
30379.8
30820
29604.4
30778.2
29792.6
31659.6
33033.9
33423.3
34444.6
32683.7
32755.7
32471.4
28556.8
27782.4
30150.4
29808
28788.6
30225.8
31692.7
31607.7
32071.5
34652.1
32965.6
32585.9
32116.4
29464
28777.2
28632.3
28122.3
30112.1
32339.6
31208.5
31259.4
32534.4
32381
31302
33990.4
33505
29234.9
28044.5
28538.5
29739.2
29482.6
30516
31175.4
32087.3
32426.8
33840.4
32977.5
30660.9
28027.4
29378.4
28542.3
29515.8
31898.3
32363.8
33538.3
34016.5
34186.9
29406.3
29853.7
29232.7
30843.5
32463.9
34270.3
35194.2
36604.7
34568.9
35363.3
34694.4
28641.9
28812.9
30586.7
31955.5
34868.7
35248.4
35573.8
35883.2
33456.9
33361.6
34977.6
36121.9
36823.4
36487.2
33860.8
33319.8
34310
36225.9
35387.2
35745.1
36399.4
37040
36623.5
36955.6
34060.3
32505
32659.5
33623.7
33768.5
31332.6
31219.6
32400.5
32167
30630.6
34137.9
34330
35414.7
32739.5
31381.1
33763.2
37945.3
34563.4
30066.6
28984.1
30540.4
35195.2
33141.3
31881.2
35105.9
27521.2
27497
33053.1
30138.6
34207.8
27815
27296.3
31793.6
28768.4
32487.7
30215.6
27973.1
26700.2
29566.6
30544
28613.1
34744.9
27138.2
26088.7
26237.9
29479.4
29527.1
28852.4
33646.3
32633.9
28431.2
29597.9
23738.5
28921
21083.3
28525.7
24868.5
22399.1
20032
22621
23387.1
25819.2
31064.4
23433.6
29941.7
22967.9
20192.1
29259
22937.6
29527.2
27476.9
25229.1
28147.4
24584.5
28465.1
30674.3
28672.5
28564.3
34838.1
28471.5
31862.3
35158.5
27708.8
32307.4
34206.8
28809.6
33457.6
30835.1
31548.5
31509.4
27081.7
23227.2
21520.5
31625.8
32176.4
29242.1
29114.2
28547.3
24930.3
37992.9
25479.8
23347.6
22889.1
21751.1
42501.6
23505.3
27222.6
26395.1
21016
29444.6
20452.6
29194.9
37998.5
19042.8
19860.1
27806.1
71634.7
19839.8
28422
36067.5
25608.6
30857.9
20356.3
30322.2
18702.7
29461.8
22819.3
23018.6
25331.9
20405.5
18498.2
25024.9
20411.1
24887.7
20372.7
24988.2
23144.5
23157.6
20623.4
29580.8
22103.3
20661.7
23454.6
24471.6
24962.6
19658.8
26574.8
25854.1
23307.9
19205
30139
27255.4
20253.5
24216
22539.5
23576.1
23489.2
18472.6
24304.7
22591.3
20259.6
23509.7
30256.2
20585.5
26357.5
23316.4
26256.6
26751.7
25570.8
24807.6
22862.6
28086.7
25712.4
25684.2
19404.5
27331.4
21140
19254.8
26819.7
18262.9
21045.8
27336.4
16924.6
16443.4
20266.7
25771.5
18926.7
22276.1
19439.5
16634.2
13900.6
14366.6
14855.3
15585.8
15040.4
13918.8
14607.6
15357.7
13864.9
14873.4
15902.7
16391.8
14070.7
15243.7
15682.4
15782.1
14510.6
16632.4
15243.7
16259.6
17128.8
15782.1
15843.3
16748.2
18151.2
18432.8
14517.3
16491.7
18051.2
18539.3
14522.1
22694.6
18251.5
17093.3
16672.2
17378.9
16294.5
18045.9
17600.8
17537.6
18265
18917.7
19849
18143.4
18526.9
21425.1
18764.9
19206.2
20990.4
21426.2
18343.5
19342.7
18573
17212.1
19554.6
18788.1
20718.9
20313
23441.7
20335.5
17824.8
20047
18100.6
22984.1
18908
21375.6
22887
24775.4
28761.5
30342.7
25559.3
23424.3
24524.6
24919.7
34402.2
31581.4
24224.2
27574.8
27362.8
22592.4
24973
24840.4
32473
27367.6
26895.9
26471.6
23193.5
23092
23415
22196.8
30723.9
32191.6
26459.3
21458.7
26378.3
32471.3
24679.1
24647.5
31961.8
25997.4
21716.1
22330.8
20353.6
32399.3
27081.8
23482.7
20553.5
32175.9
32349.3
24863.3
21744.8
20429.3
18449.3
22680.8
22990.2
27466.3
24799.4
22210.4
24310.3
21710.1
56895.5
34639.9
27456.6
25050.7
26172.5
22578.5
35182
26526
29663
29571.3
29902.1
26239.4
23703.8
25763
23687.2
28617.2
22928.8
24430.8
24713.8
27415.1
28849.8
26265.6
24227.1
22918.5
23779.6
28667.9
24929.8
24930
24374.7
26658.2
21560.1
27851.8
23751.4
22214.8
27317.9
25652.5
27393.1
23667.8
26254.9
24722.7
26324.5
22698.6
27294.3
25224.9
24211.2
24979.1
26095.2
25029.1
26434.4
22712.6
22875.9
24744.7
23611.2
26514.3
23750.9
22907.2
23140.4
25451.8
23019.6
29301.9
23064.4
23841.1
24926
22767.7
28360.7
23169.3
24887.1
23319.8
23665.7
28086.3
25626.1
27909.3
24095.5
24261.3
25109
26518
26735.3
23112.1
24583
24822.5
26309.4
22975.4
23970.8
23983
24653.1
31776.3
31329.4
25487.9
24714.2
29182.8
31256.7
29024.9
23691.2
23415.3
33297.9
28684.2
24342.4
27613.1
23416.9
23184.2
26378.6
30378.9
30453.6
32231
25524.2
26880.6
25736.2
24322.6
25661.4
22958.6
22014.7
21815.3
23780.5
22395.5
35612.3
33283.1
24563.9
30570.1
28034.3
30602.1
26766.2
23770.4
24068.5
30391.5
29780.2
24109.1
28301.7
28506.6
24947.3
34481.3
34774.5
30208.9
24815.3
27260.8
29694.4
25181.6
28719
26524.8
26865
27568.6
26814.3
23114.1
36781.2
35683
32189.8
33525.9
34330.9
30821.8
30839.3
28471.5
26388.3
23871.1
23446.7
29586.7
25767.5
26517.5
25612.4
19985.2
31058.9
30573.3
27268.5
27103.7
33121
23571.8
24646.2
21841.9
28447.4
27469.5
21591.3
28324.6
24608
23781.3
25485.9
30612.6
23293.5
21534.6
21179.7
24315.4
32768.5
34453.4
28940.2
23775.9
22109.6
20582.8
22683.7
25890.8
29885.4
29576.5
28090
24791.4
24084.5
21502.6
21551
21074.3
34148.3
33933
29077.1
26165.2
22613.1
20436.3
17478.8
22437.9
26489.5
30976.5
25968.2
22493.2
24023.1
25191.2
22991.4
22618.9
28114.3
28630
26591.1
25258.1
29078.5
23391
25244.4
24367.1
31513
22325.8
22265.4
33249
32865.2
29890.8
28763.8
28888.3
25995.4
26330.1
32744.4
23441.2
21996.8
23897.2
28235.3
28419.8
31349.3
27857
29401.5
28800.2
25253.2
22791.4
30060.4
31839.4
24229.7
26012.1
34678.3
28052.4
26526.2
32249.4
34805.6
34133
32849.3
30608.9
27831.4
25890.1
25476.8
21588.5
27724.2
21364.7
23602.6
24682.6
21477.6
23346.1
28188
31389
29183.8
29838.4
24561.3
33070.4
27529.9
29665.3
32094.5
23471
24712.9
31054.9
25250.6
30736.5
22985.7
32951.3
26928.4
26921.7
27636.3
25921.6
26274.6
24735.8
26729.7
30612.8
24290.1
30448.7
25159.7
28513.9
26290
30234.1
21811.8
27846.9
28676.2
21766.7
23632.1
25015.3
31485.1
21186.9
26191.1
28723.2
29494.9
29999.8
29686.2
28812.7
26777.1
24887.9
23206
33061.2
30868.2
34142.7
34765.2
26508
27890.5
25966.4
30090.3
28879.5
28861.3
28234.5
35431.6
26908
34090
29023.1
29405.4
35751.8
30284.1
26797.2
25778.8
26125
22624.4
30133.4
29227.9
22784.8
24460.9
29520.9
29033.2
26250.2
26382.6
31982.6
33854.1
26818.4
24930.2
33483
28052.9
29138.8
27276.1
25522.6
23024
32535
26389.3
27524.8
22614.3
29487.1
24720.4
25731.4
23196.8
31239.1
27139
26743.5
24665.6
26724.8
27667.2
29689
23420.8
31557.6
25579.8
24984.8
20854.2
32602.6
28650.1
25721.7
28092.1
32240
26908
25654.8
25574.7
26491.1
19790.7
24549.7
24958.2
29360
26464.7
24631.5
29155.4
30611.5
26196.8
27573.7
23677.2
25803.5
25400.1
25679.5
25456.8
23107.5
24499.1
26731.9
30945.4
29033.4
29332.7
29397.7
25794.9
27692.4
26838.9
29191.7
23290.6
24184.1
27256.9
30093.3
24941
26516.5
29237.2
35026.4
25025.9
31914.2
31434.7
38042.1
27498.5
30719.4
34537.7
26983.4
34000.6
28249.7
34108.7
24958.8
31522.3
28363.7
30960.3
27217.2
31499.1
30219.4
27107.5
23632.6
24822.8
30596.4
27590.2
29999.3
25235.4
29832.5
26074.7
27609.1
25690
32789.1
26590.1
24106.3
25361.6
29614.1
32177
25548.6
26945.2
24758.2
25391.8
26383.4
26700.7
30629.1
26610
32016.5
27404.8
27620.7
26073.2
32813.6
30335.6
25020.9
22795.3
29242
29666.7
27458.5
27379.5
27409.1
27633.9
29266.8
29363.2
25777.2
32857.6
36057.2
25434.7
29178.3
34148.3
27292.2
25456.1
26245.6
34427.7
24770.2
27721.3
25990.3
33711.4
24745.5
24057.8
24430.7
31564.1
26789.5
32783.4
34527.7
36341
30786.4
31707.6
24343
32529.8
27937.4
26177.9
28124.1
31055.8
25977
25234.5
35796.3
31557.9
28873.2
32129.8
31112.1
31837.3
31735.4
24528.2
33699.6
26535.8
25785.3
25675.4
26603.3
29076
24478
21999.1
30369.1
33663.6
25720.7
31703.5
26163.2
29819.7
30787.7
31749.9
26973.1
23628.8
29573.9
28664.4
28272.5
26622.5
25302.4
30274
27648.3
22807.7
23575.2
23888.1
23504
26867.5
32332.4
26945.8
30156.3
31662.4
28869.3
30635.5
23818.3
32190.9
29069.5
34009.4
23601.5
25832.3
30305.1
28552.1
30887.2
30411.1
27925.7
31402.7
31929.6
26144.9
29388.1
26074.3
29162.1
30828.3
27628.8
25772.6
33546.8
24566.2
32246.3
27944.3
34615.5
26836.6
31865.2
27506
30001.2
23748.9
32955.8
29750.5
32680.1
26660.6
24520.1
30944.6
23999.8
28031.1
30713.3
29059.7
30314.8
30434.9
37009.9
29276.3
29195.8
21868.2
33558.5
29848.7
29398.9
25811.9
26512.1
30048.4
28152
27246.7
31490.8
26342.7
36343
27546.4
24692.7
23426.8
30671.2
33571.4
30067.3
28259.1
26709.3
32137.1
23549.1
28465
27376.4
34891.4
30251.4
31978.2
27893.6
31152.9
28994.5
30870.1
31057.6
32043.5
33500.3
25105.1
31457.9
29471.8
33042
26579.9
28808
30394.4
32409.5
27464.1
32530.6
29983
30136.3
28618.2
25776.9
26949.3
27769.7
27328.1
24173.7
32110.8
23653.6
32050.4
27709
27757.7
26966.4
28378.2
25046.3
27040.6
24059.9
29736.1
31045.7
27053.2
30039.9
32602.2
23008.4
23081.6
25778.8
22374
24944.2
29185.3
31263.7
23592.3
25585.6
23844.9
34137.6
32274.4
25858.6
30231.2
33367
27749.3
25334.2
24377.5
32111.3
30506.5
27181.3
35624.6
27371.5
31261.6
25160.1
33996.3
35764
31051.4
27431.9
31150.6
30528.5
25106.9
31184.9
24798.4
30801.1
27154.7
32887.4
25645.8
32411.5
30636.2
30791.6
25285.7
33806.5
34879.7
28443.3
23942.6
28081.4
21978.1
22771.4
26254.6
19471.2
25132.7
28982.3
28919.7
27996.2
29365.2
30843.4
26925.8
24093.9
24927.6
22816
23715.3
23662.8
22115.9
22131
23460.5
24133.7
31007.2
25312.5
32571.9
22302
32246.1
24217.7
29689.3
30686.3
25529.8
30517.5
30015.8
24381.9
21957.8
20825.2
23179.6
20334.6
19324.9
31230.9
24244.7
32329.9
24213
26257.6
21624.1
30203.1
33405.4
28545.4
26116
25919.4
24900.5
21570.3
23149.9
23951.8
27298.5
21552.4
23521.8
24959.7
30992.7
25359.4
29739.8
23233
31067.8
27060.7
25805.4
23100.8
27195.2
32194.7
23349.2
25640.5
23304.2
33287.2
26796.2
31469.5
25417.7
29268.9
30127.7
24978.9
30597.2
26253.9
30695
30755.7
27677.9
24393.7
23340.4
24435.1
21188.7
23952.3
25809.4
24597.9
22307.6
24354.3
24195.3
34261.5
30615.5
28341.1
29480.3
28740.2
22317.6
21704.2
24094.6
25096
21055.7
20463.2
26824.2
26511.1
32038.8
25682
25095.2
39388
33310
28969.2
30216
30298.9
23282.4
23189.7
29725.9
22452.6
22565.4
21576.5
30750.6
26100.4
31527
23735
25187.5
19754.2
19498.2
18798.7
23276.7
23822.7
21961
26319.5
24491.9
19595.1
23479
25580.6
31818.2
30291.8
28131.8
26887.8
33872.3
27134.7
27349.9
24291
30690.7
29530.8
26612.6
25020.7
24349.2
23065.7
22529.2
21863.6
24053.2
27361
24908.2
25653.7
25717.5
26056.2
26947.5
23861.9
25929.5
24052.2
26095.1
22959.7
24279.5
28996.4
24940.4
29852.6
26752.3
35121.8
29624.4
29751.2
26158.4
30243.4
29864.8
30441
24984.4
26495.1
34650.8
25425.8
31105.4
22279.4
29345.2
28663.8
27335.2
24941.1
23593.3
23602.5
24217.9
22602.9
24745.8
27176.6
24982.8
27086
30416.9
22380.8
21850.3
28292.5
23326.2
32934.8
28482.6
30687.2
24644.4
30573.7
27954.7
28286.2
26475.2
29474.3
31493.7
25845.4
26744
26052
29336.6
29699.2
27436.3
28496.7
32257.8
25322.5
25493.5
27995.2
25848.3
25102
29800.2
25583.1
24791.4
34900.1
26293.4
34204.2
25678.8
29122.7
29403.8
29764.8
30808
26555.6
28164.1
24439.1
26696
25159.8
24816.9
25388.2
29476.1
30423.9
22199.1
28847.8
28601.8
25284.5
25775.6
28995.1
24976.4
34042.6
26401.7
29465.8
24694.2
31635.5
26832.9
29296
26578.7
27632.2
34342.6
21933.9
26090.3
28150.1
23464.7
26677.7
28537
26016.4
28589.7
24224.6
29226
30158.5
28215.8
29225.9
23640.8
25273.7
25395.9
28378.9
26072.4
31482.2
23628.8
31010.9
28238.3
30454.4
23066.8
30115.8
26135
25386.8
25156.8
24750.6
22905.3
22849
22698.5
28976.7
26276.5
28028.9
28174.7
26599.9
30769.3
22496.4
26373.3
25681.3
23769.1
24547.6
26811.9
24455.8
23821.2
24610.2
23161.1
30147.3
21737.4
31762.4
25585.4
27761.2
28727.9
23567.3
27216
27165.3
29808.4
26893.1
28007.2
22307
25636.7
28675.5
23373.4
31558.5
28524.3
25186.3
31790.8
27341.9
24324.1
27663.6
27365.6
25939.5
25747.8
30342.9
32400.1
24047.8
30556.3
26046.9
34285.5
30691.8
31478.6
31692.6
25762.5
27556.5
28404.3
25690
25015.3
28218.5
28544.2
26328.3
25507.7
26810.2
25986.3
22413.6
28093.8
22919.9
29829.2
31275.3
29665.5
29601.2
26492.3
28693.3
33450
32074.3
27220.6
27427.4
24752.7
23730.2
26802.8
30318.8
28821.9
23678.4
31407.8
31368.3
31077.8
26595.6
31637
26716.1
24439.7
24716.6
31163.6
29838.1
24121.8
28315.9
25354
33535.3
27173.7
34327.9
31611
32931.6
25974.4
24685.1
24675.6
23680.7
21832.4
24788.2
23577.5
26907.2
25220.3
23046.4
24511.1
29307.2
27558.4
32313.2
28381.6
29933.7
26696.4
30494.5
27356.7
31892
26657.3
30733.7
30256.1
26053
27193
30703.3
27313.2
26500.6
29228.9
34374.4
28929
28894
29284.7
30444.9
26528.4
27616.4
24993.9
25935.3
24817.5
25443
29640.9
30676.6
27515.5
25227.8
29131.3
31581
28419.7
27246.1
28555.5
33446.7
27585.2
28252.8
25750
29279.5
28472.5
27397
28853
23371.8
33837.4
30141.2
24013.3
27012.2
27507.4
33176.6
27871.7
24228.6
31357.9
29949.3
26579.3
23824.4
28991.5
37300.9
26573.3
27587.3
28049.1
26618.2
27446
26971.6
31301.4
37411.4
28572.2
29066
29839.6
25377.9
26480.6
23577.8
24526.9
23928.7
21770.7
27587.7
25325.2
25635.3
31681.5
29521
30046.4
32483
23600.5
24694.5
24897.8
27430.4
26630.7
24828.8
22376.8
32613.6
27155.5
24445.2
32362.5
28904
36142.8
28679.5
29860
26866
25229.2
25051.1
23344.9
25984.7
23697.8
22012.3
23508.5
23632.1
21644.4
29468.3
30885.8
27353.6
33032.4
21005.7
31734.2
27434.8
26766
23732.6
30637.5
31905.3
26163.1
24165.5
26971.6
30651
29255.4
27909.8
27479.9
34235.8
28898.6
28996.1
21975.2
33560.3
26887.3
27372.5
21712.6
28255.7
30554.5
23681.1
26059.2
25098.9
25767.2
27290.4
26304.1
26635.4
22819
24938
23431.3
28840.8
29739.2
22168.9
28366.6
26639.3
22685.6
26843.4
24808
20804
23721.4
26861.2
35631.8
24527.1
29228.4
26299.9
26698.6
29474.8
26778.3
26526.3
27575.5
24656.4
24803.6
28459.8
29532.8
25658.1
29446.4
25376.3
31306.6
26347.3
32912
27651.1
25507.3
29168.4
40647.4
30196.2
27860.9
25767
25741
32688.8
22863.9
29626
24821.2
31075.5
29786.9
26106.2
28685.6
24517.4
21564.5
23601.9
29694.6
31983.1
25909.8
23793.6
24076.7
28725.6
27454.9
33115.5
29892
29110.5
24052.1
25330.2
30393
28501.2
24493
29744.3
33602
26586.6
24654.9
28488.8
27096.9
23406.8
27443
25132.4
31370.1
30097
32882.7
27453
24822.5
24704.1
29822
32588.6
24256.2
25432.9
24677.9
21788.3
24661.3
25490.7
27256.9
33089.8
26466.8
29860
26798.6
28423.7
24994.1
25217.3
24621.5
28098.8
30208.7
24699.6
29376
24015.3
30818.1
29456.4
30900.7
29128.6
34261
28371.8
29013.3
21300.2
32116.9
29090.5
26106.6
27458.7
28896.3
28545.3
22601.9
26792.1
25307.5
27398.7
28049.5
29333.5
25432.9
26959.5
25517.6
21519.8
22883.2
25624.8
27602.3
31000
23342.6
28429.9
27708
25272.6
25129.9
27190.6
28145.8
25222.3
30341.2
27628
26653.2
30590.8
27902.7
23831.1
25339
28039.4
23777.5
25732.2
24003.1
31680.8
29745.3
29575.4
29202.8
26481.7
32360.2
27259.7
24487.8
23711.2
28737.4
29347.3
25523.9
22751.6
25200.9
18938.8
22366.6
29880.3
29528.8
32076.3
23556.8
32124.1
29639
27672.4
25068.7
29577.4
32237.7
24637
26738.6
31098.8
22434
25404.3
24014
28543.7
25775.9
29928.9
23038.2
25311.6
30979.5
27877.7
26596.7
24617.4
21812.2
23677
25392.5
22810.2
28444.3
29741.2
30607.2
31243.4
26391.9
34777.1
28995.9
30572.3
29089
28145.4
27519.4
23656.3
26526
25905
24341.4
27127
26623.4
36909.2
29758
30278.8
25086.5
29416.4
26029.6
26517.7
29016
32682.6
25180.2
29539.4
22263.1
27452.2
25372.9
34210
30220.7
31939.9
29647
30599.6
24477.3
27299
22714.6
28938.7
31594.8
28390.9
26754
24375
28560.1
23383.1
22673.8
29119.5
32973.8
27169.9
30807.6
28848.9
33685.9
28166
25101.8
22050.1
34009
28636.1
23367.3
24718.6
26032.5
28981.3
25992.8
28874.6
27062.8
32558.4
23378
31554.2
25870.5
29405.3
24683.6
26289
26736.4
23252.9
26921.6
26940.7
21234.6
31343.4
26167.4
36982.5
32284.9
27789.4
37539.9
26588.5
26888.6
20719.5
31968.8
29641.2
23812.7
22325.1
27111
28438.8
21215.7
30430.3
32275.8
32700.3
23658.8
25346.8
26873.3
23847
25217.7
24241.3
22288.7
23197.3
19988.6
21726.3
20812.1
22455.1
20858.4
25547.2
26841.7
28595.3
25173.1
26347.8
23976.3
29198.3
26565.7
28449.3
28509.9
28580.9
25482.8
23966.5
22578.2
22496
26788.7
26609.6
25013.8
30309.2
32949.8
25327.9
33443.6
29957.2
26954.1
24029.5
27396.7
30358.9
22152.1
22926.3
21891.9
27865.4
30166
27551
30597.1
29731.2
25782.3
25391.9
21795.4
30190.3
28829.7
27662.7
24316.3
27831.1
32422.3
22447.7
26688.9
28954.6
28789.3
27758.2
27734
24486.4
25680.9
26242.7
27950
22598
23828.4
28722.9
29270.3
21295.6
28572
23483.2
30695.9
24824.7
37152.7
28798.1
25831.7
25787.5
22945.6
27758
31527.4
26304.3
26367.4
29755.1
31882.3
24439.9
28464.4
23345.1
23926.5
25761.8
26827.3
26962.5
27253.8
22245
28472.3
26037.1
25678.6
29713.7
30074
27025.9
26792.6
23192.9
28352.3
21251.4
25173.1
26996.7
28149.3
30223.7
30354.9
24883.9
30830.7
26907.2
24950.9
26378
27270.7
23931.6
23637.3
25822.3
20492.5
24233.5
27809
24700.2
28242.2
25531.9
26046.2
24792
26383.9
25419.9
25546.9
24006.1
24343.1
31105.3
19947.1
22392.3
26993.3
23978
29662
26857.8
28653.5
28081.2
31367.1
23057.9
21539.4
26682.8
25654.9
23337.5
23675.6
23093.7
25450.5
20618.3
26862.3
22492
22807.7
29903.4
27029.5
26160.2
28118.8
26765.9
26640.3
25702.9
26040.3
23467.3
23518.1
25756.3
22811.6
29589.5
30755.4
25843.1
32491.8
25713.2
27344.5
24969.7
26672.1
31899
29573.1
28093.4
24261.8
25375.7
32352.4
22464.3
31078.3
28751.1
23853.3
29463.9
31031.5
29369.1
29425.9
23931.6
32739.4
27902.1
26258.5
30459.5
27465.8
23350.1
24834.3
23765.7
31326.8
25831.8
25733.6
28667.3
33152.4
31413.9
25759.2
25395
24966.2
27320.8
31453.2
32823.3
24805.4
32588.9
24691.2
32640.4
23346.1
23234.9
28270.3
26275.6
28107.6
26084.2
24668.6
22976.2
26422.3
27120.5
24760.1
24919
24409.6
26984.2
26779.9
32525.1
25662.9
30850
30052.5
32660
24102.6
26425.5
27307.7
28179.6
27479.1
26848.3
29611.1
22422.1
25359.7
28358.9
23475.7
25102.4
25677.6
33472.6
29712.3
30644.6
23572.9
31153.5
27362.7
29186.3
27805.7
25388.8
26088.4
27567.2
21515.9
23708.6
22749.7
29083.8
29014.6
32160.5
26370.1
24541.3
28596.8
26129.4
23815.1
27019.9
30730.9
28038.1
26120
23418.4
22416.2
22290.7
23649.7
28081.5
30993
29755
27551.7
26357.1
27342
22763.9
27803.9
23224
26236.1
25359.4
23535
27195.2
20044.2
19912.3
20959.7
25010.2
26602.4
25340.4
28327.7
27865
25538.9
26305
23977.2
32222.4
30820.8
27583.1
25506.6
29554.8
25471.8
26500.7
23753.6
32110.2
26018.7
34685.5
23032.8
34628
28539.5
25592.9
29783
26463.8
30825.6
24516.1
25875.8
34204.5
24114.6
26715.8
25912.9
34686.6
28568.2
29663.7
28015
29055.9
27475.7
23251.1
25491.9
24340
23614.5
24194.4
32957.1
24293.6
31673.5
23104.6
25596.2
23945.3
32094.8
24195.7
25743.7
26593.9
30242.8
26762.4
26681.7
23692.1
26412.5
23759.3
25075.8
30949.6
25014.3
32491.6
28160.9
34742.4
28980.3
28805.1
24526.6
31655
29057.7
23421.5
25297.1
25373.2
23033.6
25861
29947.6
24756.4
26808.1
26744.6
34172.7
25308.1
25592.8
27836.6
29681.7
24977.8
23854.1
24087.5
27558.2
34439.8
24235.5
29845.1
26788.2
29358.1
28013.3
28882.5
27226.6
28693.5
25874.8
26839.7
26248.6
24023.9
27061.3
26822.8
25276.5
25224.5
23421.1
25134.2
25950.7
24568.9
24493.3
31551.8
31884.6
29481.7
28616.5
29439.5
25193.6
23495.8
26786.3
29742.4
22696.3
24940
33390.2
24196.5
27634.7
25751.6
37829.6
30300.9
30923
28470.7
30540.2
23025.8
24391.1
23038.6
25272.9
23300.9
24474.1
24684.9
27321.1
22783.7
30231.2
27789.8
35801.3
31542.5
25986
32313
25157.1
25645.1
27092.2
26661
23467.1
27537.3
30408.5
30315.3
24821.1
30251.2
25165.7
25809.2
26333.2
25951.2
29041.5
28677.9
27196.9
24095.9
34327.6
29805.7
26157.4
28443.7
33082.6
22773.9
31335.1
30862.4
29907.4
31078.6
24364.4
27894.4
26153
29449.2
25991.4
25850.5
25562.2
25410.2
25858.3
25351.7
23394.5
23639.5
22766.5
25033.8
28043.1
27993.7
25777.9
33748.3
28103.8
25614.5
22076.4
29609.9
29073
27888.7
23494.5
28566.5
21958
23286.8
28458.2
30766.9
29843.1
26052
28871.1
26967
22315.4
24991.5
23243.7
23072.6
22803.2
23713.6
23489.9
26915.4
21874.7
26859.6
29334.8
30644.4
29393.6
27931.5
32705.6
31931.4
27755.1
31416.6
29064
27269.5
27002.3
27429
23997.5
25331.7
22423
24744
23748.6
25597.3
29043.9
26273.2
27431.6
27263.1
31229.3
26931.6
30219.1
29034.9
23725.6
26915
22605.9
20803.3
24879.2
28577.3
25813.6
26893.8
28479.9
24623.1
25976.7
24892.5
24160.5
25373
24502.5
23804.7
24079.5
25774
28226.8
28897.7
31570.7
28137.3
34812.3
27936.3
27307.8
25944.9
29000
24001.3
24681.7
27234.9
25275.7
28933.5
22589.7
29992.4
28062
27022.8
28716.4
28383.5
30349.5
27935
22977
24610.7
22237.5
24956.1
24001.5
24266.1
23904.3
28953
27289.5
25793
23472
33825.6
28931.1
30709.4
26387.1
27867.9
26260.9
21096.7
28983.5
25339.6
25851.8
24852
24557.2
31915.4
25438.8
32671.2
26756.1
28263.1
26810.2
33046.6
28387.9
27705.6
27260.2
29864.1
26519.2
27843.9
25561.9
26700.4
21783.3
23248.4
26480.7
23940.7
30358.3
32780.4
30081
23023
24744.4
24976.6
25183.5
23459.5
21813.8
21324.1
23882.4
21695.6
19855.8
23243.8
22504.8
22945.8
25530.9
25373.2
31052.1
27568.8
29415
31387
26654.6
28068.4
30377.6
24166.7
25262
28980.6
23029.1
29973.7
28724.3
30969.7
30942.5
29469
30473.6
27385.5
26416.1
27826.2
27798.9
25894.3
29166.6
28100.2
27274.5
35672.8
25896
29000.5
26278.5
28957.3
26205.6
28935.8
27729.4
24589.7
24588.1
21975.7
34691.3
32590.2
23818.3
22041
29167.6
28385.8
24759.2
31338.5
25363.7
32837.5
26690.9
24619.3
26215
