0.00050082 89552.8
0.00050217 91898.2
0.000527116 93900
0.000526138 86704.6
0.000574382 95545
0.000583935 84038.2
0.000643395 96922.4
0.000678249 82139.7
0.000734277 97654.7
0.000807065 81870.2
0.000847815 98029
0.000969994 81285.6
0.000985273 97978.3
0.00114903 97726.9
0.00117391 80981.3
0.00135636 80951.7
0.00134254 97251.9
0.00149812 81230.2
0.00156751 96775.5
0.00164722 81436.8
0.00180339 81622.4
0.00182511 96572.4
0.00196613 81945
0.00213496 82412.4
0.002121 96451.7
0.00230933 82653.3
0.00236173 96409
0.00248875 82830.9
0.00252789 96361.3
0.00267308 82959.2
0.00269809 96314.7
0.00286245 82918.9
0.00287266 96250.2
0.00305709 82837.9
0.00305169 96195.9
0.00325723 82681.6
0.00323531 96123.8
0.0034631 82511.6
0.00342362 96065.9
0.00361677 95997.1
0.00367495 82239.2
0.00381486 95948.6
0.00389307 82050.8
0.004018 95896.5
0.00411772 81703
0.00422627 95851.9
0.00434922 81469.4
0.00443979 95805.7
0.00458785 81088.3
0.00465863 95770.3
0.00483393 80777.2
0.0048829 95735.3
0.00508779 80381.4
0.00511267 95695.1
0.00534971 80020.9
0.00534803 95660.7
0.00561991 79781.1
0.00558908 95614.9
0.00583593 95582.9
0.00589854 79428.8
0.00608865 95535.6
0.00618579 79118.9
0.00634736 95511.7
0.00648181 78797.1
0.00661215 95466.3
0.00678676 78539.5
0.0068831 95421.9
0.00710082 78156.2
0.00716032 95382.9
0.00742413 77932.8
0.00744389 95341.9
0.0077339 95296.4
0.00775685 77511.5
0.00803043 95257.2
0.00809915 77241.3
0.00833357 95210.6
0.00845118 76922.3
0.00864339 95169.6
0.00881315 76467.9
0.00895999 95113.7
0.00918526 76133.4
0.00928344 95069
0.00956771 75765.7
0.00961381 95028.3
0.00996069 75370.1
0.00995118 94980.1
0.0102956 94928.5
0.0103644 74916.2
0.0106472 94883.1
0.0107789 74549.8
0.0110059 94827
0.0112044 74296.2
0.0113719 94776.9
0.0116408 74010.8
0.0117451 94718.2
0.0121257 94658.5
0.0120881 73926.8
0.0125138 94601.1
0.0125463 73757.7
0.0129093 94550.7
0.0130152 73529.9
0.0133124 94490.1
0.0134948 73527.8
0.0137231 94421.6
0.0139851 73398
0.0141413 94359.6
0.0144859 73091.4
0.0145671 94291.9
0.0149971 73007.2
0.0150004 94242.2
0.0154414 94173.1
0.0155188 72903.2
0.01589 94103.6
0.0160509 72701.8
0.0163463 94025.8
0.0165931 72430.2
0.0168102 93936.8
0.0171455 72330.9
0.0172818 93867.6
0.0177079 72073.7
0.017761 93795.4
0.0182479 93712.3
0.0182801 71717.1
0.0187423 93635.9
0.0188621 71453
0.0192443 93574.8
0.0194534 71111.8
0.0197537 93486.6
0.020054 70733.3
0.0202706 93386.8
0.0206634 70514.5
0.0207949 93313
0.0213265 93234.7
0.0212814 70232.8
0.0218653 93147.8
0.0219074 69746.8
0.0224111 93069.3
0.0225412 69677
0.022964 92987.3
0.0231824 69485.3
0.0235237 92901.2
0.0238311 69455.7
0.02409 92817.6
0.0244871 69223.5
0.0246626 92750.6
0.0252409 92659.5
0.0251502 68904.9
0.0258244 92549.8
0.0258198 68669.8
0.0264132 92456.4
0.0264956 68036.4
0.0270075 92309.1
0.0271769 67562.8
0.0276076 92160.1
0.0278631 67032.2
0.0282132 92033.7
0.0285537 66480.2
0.0288242 91936
0.029248 65940
0.0294404 91810
0.0300613 91684.2
0.0299457 65472.1
0.0306866 91583.9
0.0306464 64882.5
0.0313158 91468
0.0313494 64224
0.0319483 91338.9
0.032053 63488.7
0.0325838 91223.2
0.0327554 62691.4
0.033222 91099.4
0.0334565 62501.1
0.0338625 90951.5
0.0341566 62303.1
0.034505 90802.9
0.0348561 62126.2
0.0351491 90637.5
0.0357945 90477.6
0.0355551 61882.1
0.0362533 61383.9
0.0364409 90322.2
0.037088 90147.5
0.0369505 60719.1
0.0377354 89961.7
0.0376461 60061.4
0.038383 89753.2
0.0383388 59283.8
0.0390303 89535.8
0.0390271 58265.2
0.0396773 89329.5
0.0397097 57450.1
0.0403236 89092.9
0.0403858 56829
0.040969 88861.3
0.0410551 55732.3
0.0416132 88635.2
0.0417173 55373.5
0.0422561 88374.7
0.0423723 54907.6
0.0428976 88172.2
0.0430198 54610.6
0.0435373 87911.3
0.0436597 53954.5
0.044175 87690.8
0.0442919 53504.2
0.0448103 87392
0.0449164 53249.6
0.0454429 87148.3
0.0455334 52930.9
0.0460723 86916.3
0.046143 52561.9
0.0466981 86646.1
0.0467457 52265.6
0.0473199 86405.8
0.0473412 51324.4
0.0479279 50344.7
0.0479373 86118.2
0.04855 85826.8
0.0485039 48246.6
0.049067 46054.1
0.0491576 85539.1
0.0496152 44106.1
0.0497599 85211.5
0.0501466 42432.4
0.0503567 84869.6
0.050661 40832.1
0.0509477 84524.3
0.0511609 40157.5
0.0515327 84172.1
0.0516512 39594.8
0.0521117 83788.7
0.0521368 40499.8
0.0526846 83413.4
0.0526206 41434.1
0.0531029 42265.9
0.0532518 83014.1
0.0535838 43240.8
0.0538133 82635.5
0.0540631 44152.8
0.0543692 82216.3
0.0545407 45103.5
0.0549195 81828.1
0.0550164 45923.2
0.0554641 81454.4
0.05549 46714.5
0.056003 81053.7
0.0559611 47325.4
0.0564297 47666.7
0.0565359 80713.8
0.0568956 47655.3
0.0570625 80346.7
0.0573586 47497.1
0.0575826 80014.2
0.0578185 47235.6
0.0580959 79685.5
0.0582752 46766
0.0586021 79365.1
0.0587285 46180.5
0.0591013 78987.9
0.0591783 45525.4
0.0595932 78638
0.0596245 44701.3
0.0600777 78299.4
0.0600668 43767.5
0.0605547 77893.2
0.0605052 43305.5
0.0610241 77543.7
0.0609394 42342.6
0.0614858 77170.7
0.0613695 41580.9
0.0617952 40628.2
0.0619397 76766.8
0.0622165 40028.2
0.0623859 76417.1
0.0626333 39142.6
0.0628242 76066.1
0.0630454 38590.5
0.0632548 75685.1
0.0634528 37387.5
0.0636775 75227.4
0.0638554 36758.6
0.0640924 75003.4
0.064253 35971.3
0.0644995 74579.5
0.0646457 35235.2
0.0648989 74191.9
0.0650333 34386.2
0.0652906 73798.5
0.0654157 33803.1
0.0656746 73381.2
0.065793 33241.4
0.066051 72980.3
0.0661649 32537
0.06642 72568.4
0.0665316 32174.9
0.0667815 72155.8
0.066893 31224.3
0.0671356 71741.5
0.0672491 30832
0.0674825 71295.2
0.0676 30303.5
0.0678223 70892.6
0.0679456 29431
0.0681549 70493.1
0.0682859 28914.9
0.0684806 70123.8
0.0686207 28488
0.0687994 69640.1
0.0689499 28075.5
0.0691115 69200.7
0.0692733 27543.7
0.0694169 68763.6
0.069591 26967.3
0.0697157 68412.2
0.0699027 26407.7
0.0700082 67930
0.0702086 26162
0.0702943 67486.2
0.0705088 26030.5
0.0705742 67119.8
0.070848 66770.1
0.0708036 26093.5
0.0711158 66208.9
0.0710932 26686.5
0.0713777 65799.9
0.0713779 28903.4
0.0716337 65388.5
0.0716577 29740.3
0.0718841 64888.6
0.0719328 33048.2
0.0721289 64423.7
0.0722033 34786.2
0.0723683 63999
0.072469 36814.8
0.0726024 63548.1
0.0727297 37498.9
0.0728313 63168.4
0.0729853 38058.7
0.0730552 62656.6
0.0732357 38555.9
0.0732741 62168
0.0734882 61766.4
0.0734809 38615.3
0.0736975 61436.3
0.0737206 38618.6
0.0739021 61092.2
0.073955 38542.2
0.0741019 60703.9
0.0741841 38536.6
0.0742971 60285.8
0.0744081 38557.4
0.0744876 59794
0.0746272 38603.9
0.0746736 59435.4
0.0748417 38677.2
0.0748551 58965.5
0.0750322 58372.3
0.0750517 38762
0.0752051 57903
0.0752573 38852.8
0.0753741 56917.4
0.0754588 39016.1
0.0755395 56297.9
0.0756563 39179.3
0.0757014 55147.8
0.0758498 39371.9
0.0758601 54183.9
0.0760158 53365.9
0.0760396 39541.7
0.0761688 52106.5
0.0762253 39610.7
0.07632 49665.6
0.076407 39582.4
0.0764704 46753.1
0.0765845 39510.5
0.0766207 44566.6
0.0767576 39350.9
0.0767709 42538.7
0.0769263 39100.8
0.0769206 40712.3
0.0770694 39168.5
0.0770905 38866.8
0.0772171 38047
0.0772501 38515.3
0.0773634 36757.7
0.0774052 38099.9
0.0775082 35748.9
0.0775556 37674.9
0.0777014 37179.8
0.0776514 34427.9
0.0777931 33550.5
0.0778425 36765.8
0.0779337 32239.6
0.0779791 36338.9
0.0780733 30373.1
0.0781114 35952.9
0.0782116 29275.1
0.07824 35823.7
0.0783477 28913.4
0.0783653 35862.5
0.0784807 28867.8
0.0784876 36032
0.0786075 36422.7
0.0786098 29312.4
0.078725 36876.2
0.0787346 29654.6
0.0788406 37378.9
0.0788564 29337.8
0.0789543 37931
0.0789769 28121.9
0.0790663 38830.7
0.0790978 25484
0.0791769 39777.7
0.0792385 22159.6
0.079286 40599.3
0.0793937 41680.3
0.0793889 18395.1
0.0795001 42704.2
0.0795254 13185.1
0.0796054 43957.9
0.079656 6925.98
0.0797178 45362.7
0.0797773 21560.7
0.0798291 46650.1
0.0798808 28781.2
0.079923 43142.2
0.0799601 28629.2
0.0799965 32125.6
0.0800143 24672
0.0800403 18881.9
0.0800445 8097.8
