351539
274520
255362
308122
570555
555790
462269
388206
360852
337572
265552
216328
194414
204036
235795
246460
248302
294210
397331
516435
551903
245559
168282
188545
156609
140229
123257
111353
122219
115167
123355
123112
133282
134707
118738
105289
93092
83248
76396.1
78269.5
68021.4
64488.5
60384.1
56554.1
57015.2
57275.6
58007.4
57715.9
57237.5
58844.6
59041
65214.2
70880
66634.4
66439.7
70065.5
74609.9
66280.4
62108.2
65296.5
59031.6
60860
53923.9
50779.4
48002.5
44519.6
41309.1
39635.7
36700.1
32639.1
30695.6
29977.1
29481.1
28242.9
27102.1
26836.6
25541
25713.5
24687.7
21661.6
18536
16240
15417.9
15102.1
13723.6
11408.3
9654.59
9916.51
10756.1
10216.7
8397.08
7096.46
7803.31
9226.03
9557.86
8120.84
5850.04
5780.92
7640.49
8415.1
7371.22
5520.51
5160.52
6692.4
7899.16
7705.27
6236
4821.94
5383.32
6759.07
7042.14
5868.39
4265.42
4388.85
5790.98
6469.31
5823.71
4348.38
3763.09
4913.71
5939.97
5793.88
4573.43
3419.54
3941.5
5116.82
5452.58
4652.33
3466.68
3597.53
4788.09
5397.49
4912.52
3753.86
3162.04
3854.38
4614.16
4548.37
3644.99
2779.57
3231.77
4183.99
4430.33
3749.8
2744.72
2687.87
3510.14
3987.57
3658.68
2782.43
2384.18
3069.98
3750.62
3715.77
2991.12
2273.47
2538.73
3238.18
3453.54
2984.71
2267.86
2279.53
2966.64
3369.24
3119.07
2421.25
2012.55
2431.92
2908.38
2900.74
2372.15
1852.38
2099.18
2671.44
2849.67
2471.96
1887.7
1753.46
2217.28
2530.3
2363.1
1850.88
1588.51
1973.06
2397.86
2400.51
1972.56
1514.71
1618.81
2029.78
2175.25
1904.59
1460.03
1420.05
1821.64
2085.26
1949.64
1514.24
1225.67
1461.24
1783.36
1796.39
1472.58
1125.71
1248.81
1609.04
1737.62
1514.37
1117.14
1012.05
1307.98
1526.05
1435.51
1100.54
887.669
1117.64
1399.91
1416.23
1145.04
823.689
881.5
1168.94
1284.34
1119.64
805.122
733.409
999.402
1188.94
1118.23
835.092
627.79
802.792
1039.09
1066.62
861.175
604.158
658.696
902.74
1003.21
874.34
616.569
545.896
760.471
921.637
878.763
663.618
495.864
627.628
816.301
842.304
685.139
488.596
533.036
727.499
815.124
725.116
530.102
460.333
610.374
734.212
704.881
547.05
432.615
536.654
684.315
710.735
595.777
441.737
448.729
582.619
648.81
583.53
444.683
405.853
523.662
621.707
602.832
481.392
377.949
431.597
536.67
557.531
473.394
366.041
383.433
490.987
545.285
495.862
381.878
329.376
403.531
476.635
463.639
373.502
302.804
354.231
440.708
459.156
391.281
294.424
287.284
364.556
407.786
370.971
284.258
250.883
318.309
380.439
371.208
294.939
223.043
252.1
320.81
337.868
285.74
210.167
211.793
280.895
318.789
289.442
213.486
173.395
225.184
277.979
273.445
213.688
156.606
185.957
245.799
261.749
219.676
153.051
148.214
206.044
239.782
219.105
159.619
127.787
171.497
215.607
213.634
166.565
119.157
142.083
191.81
207.181
176.52
125.422
119.335
162.875
189.854
175.214
130.921
108.383
142.804
178.451
178.931
144.474
107.799
119.281
154.506
166.572
144.741
109.273
107.724
141.225
162.815
152.784
119.522
98.5846
117.916
142.92
143.657
119.206
95.1419
106.237
133.691
143.568
127.049
98.2532
90.8337
111.702
127.277
120.129
96.2874
83.4027
100.329
120.496
121.362
101.554
79.1212
81.9977
101.067
108.672
96.41
75.2599
72.0899
90.4781
103.581
97.8508
77.1744
62.2785
72.338
87.9068
89.0349
73.8055
56.8205
61.5725
78.6858
85.4563
75.2023
55.6716
49.2356
63.3152
74.4631
70.513
54.1285
42.6959
53.1042
67.0928
68.4729
55.5793
39.3053
41.4944
56.0809
62.463
54.8729
39.2185
34.5401
47.3316
57.0982
54.2625
40.7269
30.236
38.7134
50.7628
52.7069
43.1122
30.3847
32.0126
43.7266
49.1079
43.5034
31.5398
28.1175
38.3783
46.5411
44.9887
35.1027
26.9351
32.1325
40.9508
42.6226
35.7804
27.1223
28.9555
37.9313
42.3649
38.5109
29.7005
26.0074
32.0868
37.8262
36.8169
29.9863
25.031
29.3552
36.1054
37.5587
32.4778
25.4877
25.1039
30.6836
33.8084
31.0774
25.0345
23.1893
28.1822
32.7088
31.9801
26.4802
21.5654
23.3128
27.8708
28.9398
25.2231
20.3636
20.8259
25.5662
28.1469
25.9132
20.5679
17.7651
20.757
24.132
23.6316
19.4586
15.99
18.0702
22.1008
23.059
19.8602
15.1084
14.3964
17.9405
20.1045
18.4361
14.2114
12.2987
15.3848
18.4611
18.1135
14.4066
10.694
11.9422
15.3908
16.3814
13.9109
10.0394
9.80948
13.2134
15.2073
13.8825
10.1446
8.03176
10.649
13.4167
13.3625
10.5008
7.51206
8.73385
11.721
12.6456
10.7318
7.57006
7.34307
10.2138
11.9932
11.148
8.37655
6.7148
8.58358
10.7227
10.7627
8.69804
6.64959
7.68007
10.0193
10.8509
9.53964
7.25951
6.79735
8.5947
9.86803
9.30571
7.44869
6.53874
7.97717
9.60332
9.69938
8.21037
6.58105
6.86279
8.3127
8.88772
7.98563
6.51543
6.41869
7.8126
8.7953
8.38182
6.91395
5.91082
6.56947
7.62813
7.68779
6.63587
5.59313
5.99362
7.17255
7.63263
6.89331
5.57021
5.1143
5.93142
6.6259
6.31773
5.24008
4.6123
5.29683
6.20835
6.25995
5.33315
4.23905
4.25981
5.10267
5.47266
4.90721
3.88866
3.66131
4.48586
5.11935
4.85958
3.85313
3.06996
3.50111
4.26667
4.35015
3.616
2.73474
2.89688
3.7345
4.09378
3.61052
2.6303
2.26571
2.97904
3.57118
3.41215
2.60366
1.96914
2.44918
3.16409
3.26918
2.66191
1.85899
1.96966
2.7217
3.0777
2.74424
1.99046
1.70979
2.29885
2.79316
2.69561
2.08993
1.62933
2.02817
2.61701
2.74382
2.32646
1.75239
1.77019
2.27585
2.54272
2.32004
1.82638
1.69723
2.13679
2.51808
2.47127
2.04971
1.68867
1.8537
2.22129
2.30981
2.03358
1.69093
1.7599
2.13452
2.33837
2.17927
1.80059
1.6157
1.8277
2.06742
2.03207
1.74922
1.54395
1.70655
1.99207
2.0599
1.83664
1.5226
1.46889
1.68131
1.81566
1.69849
1.43516
1.34228
1.54159
1.74002
1.70753
1.45432
1.21589
1.26133
1.45321
1.50244
1.3328
1.10413
1.1049
1.31086
1.43081
1.32598
1.06761
0.915469
1.03821
1.19719
1.17703
0.975715
0.794597
0.877229
1.06973
1.12022
0.965656
0.724314
0.67512
0.850369
0.964895
0.888766
0.675046
0.560357
0.707834
0.866544
0.857072
0.676129
0.484392
0.548638
0.731668
0.792157
0.677467
0.48123
0.454045
0.62161
0.727867
0.673138
0.499682
0.403492
0.534811
0.677034
0.684985
0.557391
0.417569
0.459507
0.596012
0.646568
0.568591
0.439211
0.435062
0.562594
0.649141
0.618481
0.50184
0.427364
0.492467
0.583799
0.591113
0.510142
0.433928
0.474652
0.572953
0.612572
0.559461
0.464653
0.436811
0.500154
0.553094
0.532328
0.459337
0.424057
0.478382
0.54621
0.551528
0.48804
0.416604
0.417552
0.471186
0.495026
0.457551
0.396549
0.389155
0.443583
0.485176
0.466629
0.400681
0.351586
0.370736
0.412925
0.415054
0.368298
0.320608
0.332837
0.38206
0.402117
0.367449
0.304391
0.277301
0.30884
0.3395
0.32516
0.273909
0.240722
0.268062
0.309745
0.312251
0.267178
0.211495
0.207924
0.247473
0.266392
0.239351
0.187295
0.171227
0.21014
0.242288
0.230587
0.180176
0.138173
0.159857
0.200664
0.207263
0.171483
0.124174
0.128793
0.171749
0.19192
0.170029
0.1221
0.104488
0.142685
0.174936
0.169992
0.132286
0.100108
0.120379
0.155416
0.162902
0.137207
0.103683
0.110481
0.145918
0.164554
0.151685
0.11991
0.106422
0.128674
0.150808
0.148533
0.125345
0.109374
0.125487
0.150801
0.157617
0.141105
0.118026
0.116109
0.13427
0.145602
0.13757
0.119355
0.114943
0.131575
0.147435
0.145942
0.128644
0.113157
0.116819
0.130144
0.13378
0.122869
0.109507
0.111434
0.125779
0.13414
0.12722
0.110724
0.101288
0.107588
0.116615
0.114906
0.102837
0.0937013
0.0991751
0.110599
0.113217
0.102923
0.0881941
0.0839018
0.0915442
0.0969399
0.0914662
0.079261
0.0740109
0.0817272
0.0902671
0.0885082
0.076272
0.0641162
0.0647538
0.0730736
0.0753219
0.0671055
0.0554712
0.0542622
0.0635496
0.0693259
0.0642155
0.0511323
0.0426959
0.0484451
0.056651
0.0560072
0.0458506
0.0356862
0.0390832
0.048974
0.0519507
0.0444777
0.0320324
0.0294641
0.0392114
0.0458011
0.0426208
0.03198
0.0253703
0.0325057
0.040857
0.0410906
0.0329657
0.0244305
0.0281537
0.0375166
0.0411392
0.0364571
0.0279055
0.0261722
0.0331731
0.038326
0.0365655
0.0299705
0.0269135
0.032446
0.0388433
0.0396835
0.0347388
0.0292789
0.0301919
0.0352686
0.0375761
0.0348673
0.0304436
0.0305298
0.0353918
0.0390445
0.0379875
0.033421
0.0302736
0.0320249
0.0353105
0.035677
0.0326863
0.029952
0.0313339
0.0350433
0.0366384
0.0344304
0.0304507
0.0288254
0.0307105
0.0326021
0.0317125
0.0287634
0.0272219
0.0290791
0.0316812
0.0317891
0.0289409
0.0256321
0.0251006
0.026895
0.0277233
0.0260191
0.0232806
0.0226601
0.0246783
0.026332
0.0253729
0.0222303
0.0196856
0.0200842
0.0217313
0.0217274
0.0194812
0.0170729
0.0172985
0.0193729
0.0202308
0.018502
0.0153137
0.0137158
0.0150347
0.0164927
0.0157954
0.0131755
0.0112499
0.0123917
0.0144445
0.01461
0.0123406
0.00937377
0.00911452
0.0112755
0.0123973
0.0111167
0.00834662
0.00725156
0.00926512
0.0110404
0.0106045
0.0081618
0.00609272
0.00742681
0.00971262
0.0102589
0.00867978
0.00642901
0.00650188
0.00853917
0.00964624
0.00884294
0.00695845
0.00646729
0.00822098
0.00979263
0.00974836
0.00829165
0.00704258
0.00766089
0.00905054
0.00947283
0.00860852
0.00755534
0.00789856
0.00928185
0.0101065
0.009672
0.00849373
0.00792022
0.0085695
0.00937721
0.0093413
0.00855386
0.00804936
0.00861409
0.00956486
0.00984631
0.0091981
0.00827151
0.00805401
0.00859535
0.00898628
0.00867471
0.00798988
0.00779474
0.00836266
0.00894967
0.00885786
0.00810949
0.00739531
0.00738237
0.00779911
0.00789515
0.00742086
0.00684149
0.00683852
0.00734712
0.00764721
0.00730282
0.00652973
0.00601556
0.00615107
0.00645915
0.00634174
0.00577333
0.00530768
0.00545562
0.00589839
0.00597584
0.00546213
0.00471996
0.00442499
0.00470006
0.0049173
0.00463608
0.00401408
0.00368636
0.00398897
0.00437386
0.00427493
0.00364823
0.00299154
0.00297937
0.0033975
0.00352574
0.00310912
0.00246516
0.0023362
0.00280823
0.00312571
0.00288541
0.0022078
0.00175304
0.0021116
0.0026014
0.00261975
0.00212487
0.0015712
0.00172094
0.00225103
0.00244877
0.00213721
0.00159794
0.00155032
0.00206522
0.00243014
0.00233964
0.00191172
0.00163988
0.00190332
0.00227267
0.002328
0.00205574
0.00180713
0.00198098
0.00236689
0.0025463
0.00239254
0.00209282
0.00201189
0.00222974
0.00242745
0.00238683
0.00218447
0.00210926
0.00230574
0.00254871
0.00259132
0.00241043
0.00220317
0.00219827
0.00235124
0.00243146
0.00233763
0.00218707
0.00218691
0.00235258
0.00248485
0.00243729
0.00224871
0.00210224
0.00212698
0.00222449
0.00222656
0.00210443
0.00199047
0.00202373
0.00215012
0.00220016
0.00209479
0.00191132
0.00181182
0.00185166
0.00190616
0.00185529
0.0017199
0.00163677
0.00168964
0.00178118
0.00177094
0.00163002
0.00146241
0.00140848
0.00146196
0.00148394
0.00139574
0.00125683
0.0012065
0.00127839
0.00134249
0.0012877
0.0011262
0.000986053
0.000986621
0.00105715
0.00105296
0.000935616
0.000800172
0.000793295
0.000889737
0.000931912
0.000843047
0.000672299
0.000580633
0.000655196
0.000741456
0.000712666
0.000573373
0.000455639
0.000512699
0.000629372
0.000649079
0.000541389
0.00039357
0.000397907
0.000531206
0.000605683
0.000557762
0.000432926
0.000379431
0.000472407
0.00056464
0.000560495
0.00047362
0.0004142
0.000481572
0.000586664
0.000622409
0.000570703
0.000494735
0.000493011
0.00056233
0.000609921
0.000590908
0.000539171
0.000534639
0.000598215
0.000660219
0.000664041
0.00061506
0.000571066
0.000583204
0.000626254
0.000642621
0.000616518
0.000585661
0.000598261
0.000645573
0.000675586
0.000658833
0.000613081
0.000585418
0.000598604
0.000621994
0.000618575
0.000589107
0.000569237
0.000585529
0.000617017
0.000624371
0.000594954
0.000552919
0.000535084
0.000546409
0.000555595
0.000539472
0.000508964
0.000496101
0.000512332
0.000530891
0.000522378
0.0004858
0.000448818
0.000439185
0.000449033
0.000448072
0.00042371
0.000394075
0.000387615
0.000403781
0.000412581
0.000393048
0.000353236
0.000323504
0.000323171
0.000332998
0.000324583
0.000294553
0.0002676
0.000269242
0.000286961
0.000288586
0.000261193
0.000221005
0.0002025
0.000214909
0.000226032
0.000211417
0.000176841
0.00015523
0.000169274
0.000190158
0.000186224
0.000153555
0.00011745
0.000119657
0.000147455
0.000158489
0.000139319
0.000105019
9.67096e-05
0.000123509
0.000143393
0.000135806
0.000107811
9.30189e-05
0.000115487
0.000142625
0.000148024
0.000130744
0.000111298
0.000116416
0.000137542
0.000148374
0.00014067
0.00012711
0.00012995
0.00014971
0.000165423
0.000164511
0.000151393
0.000142781
0.000149543
0.000161644
0.000164898
0.000157919
0.00015225
0.000158773
0.000172172
0.000179068
0.000173954
0.000163274
0.000158874
0.000164043
0.00016987
0.000168412
0.000161757
0.000159171
0.000165233
0.000173197
0.000174057
0.000166362
0.00015713
0.000154464
0.00015773
0.000159268
0.000154871
0.000148427
0.000147143
0.000151873
0.000155637
0.000152411
0.000143329
0.000135385
0.000133813
0.000135582
0.000134178
0.000127986
0.000121952
0.000121561
0.000125117
0.000125808
0.000119898
0.000110361
0.000104028
0.000103697
0.000104543
0.000101117
9.388e-05
8.86459e-05
8.94167e-05
9.23179e-05
9.08364e-05
8.31944e-05
7.39832e-05
6.99953e-05
7.15254e-05
7.1961e-05
6.7017e-05
5.91466e-05
5.5345e-05
5.80777e-05
6.09405e-05
5.79029e-05
4.91114e-05
4.11041e-05
4.11267e-05
4.54734e-05
4.57794e-05
3.95607e-05
3.14547e-05
3.05566e-05
3.63437e-05
3.94136e-05
3.54713e-05
2.69617e-05
2.3181e-05
2.9178e-05
3.52615e-05
3.51593e-05
2.93893e-05
2.43509e-05
2.71742e-05
3.31562e-05
3.52084e-05
3.21389e-05
2.83217e-05
3.01069e-05
3.60466e-05
3.99174e-05
3.90803e-05
3.55176e-05
3.40709e-05
3.68296e-05
4.02064e-05
4.07718e-05
3.89013e-05
3.80683e-05
4.06233e-05
4.44068e-05
4.60043e-05
4.45484e-05
4.21582e-05
4.17745e-05
4.3596e-05
4.51081e-05
4.46745e-05
4.32908e-05
4.33053e-05
4.53478e-05
4.74087e-05
4.74618e-05
4.5558e-05
4.36526e-05
4.34669e-05
4.44391e-05
4.4731e-05
4.36578e-05
4.24238e-05
4.25973e-05
4.39618e-05
4.47493e-05
4.37729e-05
4.16099e-05
3.99773e-05
3.97957e-05
4.01325e-05
3.96064e-05
3.81393e-05
3.69925e-05
3.71669e-05
3.79582e-05
3.78387e-05
3.62063e-05
3.39781e-05
3.26326e-05
3.24944e-05
3.23988e-05
3.1339e-05
2.96687e-05
2.86758e-05
2.88999e-05
2.92964e-05
2.85546e-05
2.65428e-05
2.44364e-05
2.35184e-05
2.35609e-05
2.32123e-05
2.17943e-05
2.00614e-05
1.93641e-05
1.98026e-05
1.99906e-05
1.88302e-05
1.66182e-05
1.48548e-05
1.46432e-05
1.50691e-05
1.45827e-05
1.28789e-05
1.1192e-05
1.10724e-05
1.19994e-05
1.21401e-05
1.07021e-05
8.47024e-06
