766203
1.35749e+06
1.96244e+06
2.55446e+06
3.20317e+06
3.80624e+06
4.39274e+06
5.01368e+06
5.64442e+06
6.30384e+06
6.95272e+06
7.58413e+06
8.15757e+06
8.76632e+06
9.4408e+06
1.00694e+07
1.06794e+07
1.13296e+07
1.19636e+07
1.25253e+07
1.3181e+07
1.37607e+07
1.43676e+07
1.4971e+07
1.55749e+07
1.6209e+07
1.67768e+07
1.73635e+07
1.79391e+07
1.86909e+07
1.92395e+07
1.98239e+07
2.04261e+07
2.11749e+07
2.1778e+07
2.23642e+07
2.29819e+07
2.36004e+07
2.41596e+07
2.47493e+07
2.53847e+07
2.6138e+07
2.67191e+07
2.72957e+07
2.79712e+07
2.8706e+07
2.92607e+07
3.00371e+07
3.09922e+07
3.16578e+07
3.25317e+07
3.32594e+07
3.39185e+07
3.46076e+07
3.53453e+07
3.59654e+07
3.65418e+07
3.73681e+07
3.81589e+07
3.89077e+07
3.97232e+07
4.02934e+07
4.10422e+07
4.18063e+07
4.25917e+07
4.33917e+07
4.42428e+07
4.49642e+07
4.55797e+07
4.6171e+07
4.69142e+07
4.7777e+07
4.85198e+07
4.92364e+07
4.99317e+07
5.06295e+07
5.12758e+07
5.2072e+07
5.27446e+07
5.349e+07
5.41518e+07
5.4827e+07
5.56582e+07
5.62744e+07
5.70443e+07
5.78041e+07
5.85801e+07
5.93911e+07
6.01914e+07
6.10077e+07
6.18334e+07
6.27529e+07
6.373e+07
6.45196e+07
6.50955e+07
6.58577e+07
6.64171e+07
6.69788e+07
6.75788e+07
6.81612e+07
6.89321e+07
6.9601e+07
7.01848e+07
7.07779e+07
7.14342e+07
7.20144e+07
7.28627e+07
7.35276e+07
7.41111e+07
7.47635e+07
7.53996e+07
7.60061e+07
7.65676e+07
7.72417e+07
7.78206e+07
7.84924e+07
7.90869e+07
7.96973e+07
8.03315e+07
8.08876e+07
8.14941e+07
8.20883e+07
8.27271e+07
8.33593e+07
8.40424e+07
8.46557e+07
8.53276e+07
8.59463e+07
8.65954e+07
8.7191e+07
8.77811e+07
8.8348e+07
8.89835e+07
8.96726e+07
9.03884e+07
9.09566e+07
9.16424e+07
9.23738e+07
9.30939e+07
9.37974e+07
9.46135e+07
9.52874e+07
9.63561e+07
9.72415e+07
9.78161e+07
9.85953e+07
9.92207e+07
9.98179e+07
1.00422e+08
1.01089e+08
1.0183e+08
1.02411e+08
1.03132e+08
1.03827e+08
1.04683e+08
1.05495e+08
1.0629e+08
1.06882e+08
1.07629e+08
1.083e+08
1.08913e+08
1.09637e+08
1.10432e+08
1.10992e+08
1.11755e+08
1.12559e+08
1.13303e+08
1.1406e+08
1.14864e+08
1.15561e+08
1.16375e+08
1.16998e+08
1.1771e+08
1.18527e+08
1.19234e+08
1.19837e+08
1.20549e+08
1.21256e+08
1.21805e+08
1.22387e+08
1.23142e+08
1.23826e+08
1.24635e+08
1.25432e+08
1.26207e+08
1.26958e+08
1.2769e+08
1.28489e+08
1.29605e+08
1.30502e+08
1.31321e+08
1.32201e+08
1.32887e+08
1.33481e+08
1.34273e+08
1.35021e+08
1.35652e+08
1.36371e+08
1.37156e+08
1.37794e+08
1.38598e+08
1.39465e+08
1.40091e+08
1.40773e+08
1.41385e+08
1.4199e+08
1.42579e+08
1.4315e+08
1.43889e+08
1.44646e+08
1.45365e+08
1.45995e+08
1.46615e+08
1.47323e+08
1.48039e+08
1.48718e+08
1.49508e+08
1.50212e+08
1.51011e+08
1.51834e+08
1.52567e+08
1.53206e+08
1.53951e+08
1.54731e+08
1.55347e+08
1.56144e+08
1.56929e+08
1.57706e+08
1.58533e+08
1.59326e+08
1.59994e+08
1.60661e+08
1.61243e+08
1.62234e+08
1.63275e+08
1.63869e+08
1.64721e+08
1.65501e+08
1.66149e+08
1.66796e+08
1.67389e+08
1.68045e+08
1.68768e+08
1.69492e+08
1.70213e+08
1.71025e+08
1.7175e+08
1.72417e+08
1.73243e+08
1.73973e+08
1.74941e+08
1.75758e+08
1.76358e+08
1.76971e+08
1.7764e+08
1.78413e+08
1.79155e+08
1.79882e+08
1.80617e+08
1.81432e+08
1.82077e+08
1.82704e+08
1.8358e+08
1.84184e+08
1.84888e+08
1.85696e+08
1.86413e+08
1.87112e+08
1.87829e+08
1.88601e+08
1.89303e+08
1.90075e+08
1.90744e+08
1.91426e+08
1.92076e+08
1.92926e+08
1.93743e+08
1.94425e+08
1.9551e+08
1.96511e+08
1.97364e+08
1.98186e+08
1.98843e+08
1.99613e+08
2.00199e+08
2.00836e+08
2.01431e+08
2.0205e+08
2.02655e+08
2.03322e+08
2.03911e+08
2.0454e+08
2.05199e+08
2.05926e+08
2.06526e+08
2.07096e+08
2.07642e+08
2.08272e+08
2.08885e+08
2.09516e+08
2.10461e+08
2.1128e+08
2.12029e+08
2.12809e+08
2.13477e+08
2.14236e+08
2.14895e+08
2.15563e+08
2.16375e+08
2.17131e+08
2.17944e+08
2.18768e+08
2.19372e+08
2.20139e+08
2.20871e+08
2.21605e+08
2.22352e+08
2.2319e+08
2.23869e+08
2.24511e+08
2.25315e+08
2.26114e+08
2.26858e+08
2.27609e+08
2.28337e+08
2.29122e+08
2.29781e+08
2.30695e+08
2.31389e+08
2.32135e+08
2.32857e+08
2.33607e+08
2.34339e+08
2.3507e+08
2.3563e+08
2.36224e+08
2.3711e+08
2.37878e+08
2.38586e+08
2.39399e+08
2.4011e+08
2.4084e+08
2.41681e+08
2.42514e+08
2.43287e+08
2.43875e+08
2.44491e+08
2.45164e+08
2.45738e+08
2.46333e+08
2.47084e+08
2.47636e+08
2.48198e+08
2.48815e+08
2.49403e+08
2.50046e+08
2.50669e+08
2.5124e+08
2.51867e+08
2.52498e+08
2.53117e+08
2.53725e+08
2.54285e+08
2.54848e+08
2.55458e+08
2.5607e+08
2.56672e+08
2.5726e+08
2.57986e+08
2.58682e+08
2.59246e+08
2.59875e+08
2.6049e+08
2.61102e+08
2.6177e+08
2.62406e+08
2.63249e+08
2.64238e+08
2.65023e+08
2.66005e+08
2.66849e+08
2.67569e+08
2.68207e+08
2.69015e+08
2.69659e+08
2.70335e+08
2.711e+08
2.71803e+08
2.72634e+08
2.73418e+08
2.74079e+08
2.74964e+08
2.75606e+08
2.76306e+08
2.77158e+08
2.77838e+08
2.78656e+08
2.79319e+08
2.80079e+08
2.80796e+08
2.81537e+08
2.82157e+08
2.8282e+08
2.83388e+08
2.83986e+08
2.84654e+08
2.85213e+08
2.85811e+08
2.86353e+08
2.86969e+08
2.87618e+08
2.88177e+08
2.88769e+08
2.89394e+08
2.90073e+08
2.90673e+08
2.91264e+08
2.91882e+08
2.92502e+08
2.93103e+08
2.93697e+08
2.94266e+08
2.94822e+08
2.95436e+08
2.96062e+08
2.96633e+08
2.97246e+08
2.97868e+08
2.98441e+08
2.99072e+08
2.99633e+08
3.0018e+08
3.00743e+08
3.01295e+08
3.01861e+08
3.02471e+08
3.03022e+08
3.03588e+08
3.0415e+08
3.04771e+08
3.05347e+08
3.06028e+08
3.06632e+08
3.07268e+08
3.07841e+08
3.08402e+08
3.09034e+08
3.09612e+08
3.10219e+08
3.10808e+08
3.11623e+08
3.12205e+08
3.12834e+08
3.13386e+08
3.14032e+08
3.14639e+08
3.15244e+08
3.15819e+08
3.1644e+08
3.17019e+08
3.17615e+08
3.18228e+08
3.18849e+08
3.19422e+08
3.19981e+08
3.20575e+08
3.21218e+08
3.21888e+08
3.22613e+08
3.23291e+08
3.2389e+08
3.24459e+08
3.25028e+08
3.25678e+08
3.26256e+08
3.26931e+08
3.27549e+08
3.28229e+08
3.28809e+08
3.29377e+08
3.30146e+08
3.31103e+08
3.31781e+08
3.32484e+08
3.33359e+08
3.34162e+08
3.34737e+08
3.35514e+08
3.3631e+08
3.36958e+08
3.37503e+08
3.38079e+08
3.38633e+08
3.39232e+08
3.39984e+08
3.40836e+08
3.41652e+08
3.42329e+08
3.43285e+08
3.44006e+08
3.44757e+08
3.45533e+08
3.46302e+08
3.47012e+08
3.47892e+08
3.4864e+08
3.49437e+08
3.50077e+08
3.50784e+08
3.51352e+08
3.52119e+08
3.52791e+08
3.53482e+08
3.54094e+08
3.5467e+08
3.55264e+08
3.55809e+08
3.56396e+08
3.56986e+08
3.57624e+08
3.58311e+08
3.58865e+08
3.59425e+08
3.59982e+08
3.6053e+08
3.61094e+08
3.61647e+08
3.62194e+08
3.62759e+08
3.63315e+08
3.64005e+08
3.6489e+08
3.65529e+08
3.66092e+08
3.66874e+08
3.6751e+08
3.68163e+08
3.68764e+08
3.69432e+08
3.70104e+08
3.70842e+08
3.71425e+08
3.72001e+08
3.72582e+08
3.73171e+08
3.73746e+08
3.74307e+08
3.7485e+08
3.75411e+08
3.75971e+08
3.76689e+08
3.77299e+08
3.77873e+08
3.78618e+08
3.79189e+08
3.79735e+08
3.80296e+08
3.8083e+08
3.81384e+08
3.81935e+08
3.82476e+08
3.83018e+08
3.8357e+08
3.84119e+08
3.8466e+08
3.85203e+08
3.85752e+08
3.86294e+08
3.86839e+08
3.87518e+08
3.88084e+08
3.88696e+08
3.89244e+08
3.89808e+08
3.90386e+08
3.91011e+08
3.91593e+08
3.92167e+08
3.92744e+08
3.9341e+08
3.94134e+08
3.94997e+08
3.95727e+08
3.9655e+08
3.97511e+08
3.98339e+08
3.98898e+08
3.99689e+08
4.00237e+08
4.00785e+08
4.01333e+08
4.02132e+08
4.02776e+08
4.03594e+08
4.04185e+08
4.04733e+08
4.05286e+08
4.05829e+08
4.06423e+08
4.07211e+08
4.08151e+08
4.08732e+08
4.09311e+08
4.09877e+08
4.10583e+08
4.11275e+08
4.11863e+08
4.12419e+08
4.12964e+08
4.13575e+08
4.14185e+08
4.14846e+08
4.15513e+08
4.16314e+08
4.17009e+08
4.17554e+08
4.18113e+08
4.18705e+08
4.19394e+08
4.20084e+08
4.20715e+08
4.21489e+08
4.22132e+08
4.22794e+08
4.23461e+08
4.24239e+08
4.2479e+08
4.25573e+08
4.26151e+08
4.26694e+08
4.27259e+08
4.27818e+08
4.28356e+08
4.28887e+08
4.29478e+08
4.30372e+08
4.31207e+08
4.31734e+08
4.32429e+08
4.33123e+08
4.33785e+08
4.344e+08
4.34939e+08
4.35492e+08
4.36059e+08
4.36617e+08
4.37173e+08
4.37842e+08
4.38417e+08
4.38992e+08
4.39804e+08
4.40452e+08
4.4105e+08
4.41673e+08
4.42245e+08
4.42814e+08
4.43401e+08
4.44011e+08
4.44695e+08
4.45264e+08
4.45903e+08
4.46549e+08
4.47155e+08
4.47749e+08
4.48338e+08
4.48899e+08
4.49442e+08
4.50027e+08
4.50586e+08
4.51162e+08
4.51726e+08
4.52314e+08
4.52926e+08
4.53511e+08
4.54076e+08
4.54668e+08
4.5525e+08
4.55804e+08
4.56352e+08
4.56954e+08
4.57561e+08
4.58137e+08
4.58784e+08
4.59377e+08
4.60026e+08
4.60592e+08
4.61128e+08
4.61666e+08
4.6224e+08
4.62789e+08
4.63335e+08
4.64097e+08
4.64648e+08
4.65196e+08
4.65801e+08
4.6635e+08
4.66903e+08
4.67441e+08
4.67977e+08
4.68515e+08
4.69284e+08
4.69849e+08
4.7039e+08
4.7098e+08
4.71548e+08
4.72188e+08
4.7278e+08
4.73384e+08
4.73955e+08
4.74569e+08
4.75127e+08
4.75814e+08
4.76527e+08
4.77097e+08
4.7773e+08
4.78452e+08
4.79025e+08
4.79621e+08
4.80182e+08
4.8085e+08
4.81504e+08
4.82148e+08
4.82696e+08
4.83273e+08
4.83977e+08
4.84864e+08
4.85567e+08
4.8628e+08
4.86945e+08
4.87509e+08
4.88072e+08
4.88641e+08
4.89179e+08
4.89715e+08
4.90257e+08
4.90785e+08
4.91326e+08
4.91863e+08
4.92425e+08
4.92964e+08
4.93525e+08
4.94237e+08
4.94859e+08
4.95437e+08
4.96148e+08
4.96768e+08
4.97336e+08
4.97936e+08
4.98712e+08
4.99326e+08
5.00035e+08
5.00584e+08
5.01163e+08
5.01805e+08
5.02448e+08
5.02995e+08
5.03537e+08
5.04076e+08
5.04628e+08
5.0519e+08
5.0578e+08
5.06425e+08
5.06993e+08
5.07563e+08
5.08138e+08
5.08742e+08
5.09324e+08
5.09863e+08
5.10417e+08
5.11011e+08
5.1155e+08
5.12137e+08
5.12696e+08
5.13286e+08
5.13853e+08
5.14433e+08
5.15082e+08
5.1571e+08
5.16318e+08
5.1713e+08
5.18285e+08
5.18954e+08
5.19934e+08
5.20695e+08
5.21494e+08
5.22203e+08
5.22844e+08
5.23435e+08
5.24095e+08
5.24658e+08
5.25214e+08
5.25761e+08
5.26303e+08
5.26879e+08
5.27545e+08
5.28141e+08
5.28692e+08
5.29399e+08
5.29976e+08
5.3079e+08
5.31569e+08
5.32226e+08
5.32883e+08
5.33469e+08
5.34016e+08
5.34559e+08
5.35156e+08
5.35817e+08
5.3656e+08
5.37333e+08
5.38024e+08
5.38765e+08
5.39358e+08
5.39922e+08
5.40665e+08
5.41229e+08
5.41779e+08
5.42342e+08
5.42902e+08
5.43536e+08
5.44143e+08
5.44804e+08
5.45359e+08
5.4591e+08
5.4648e+08
5.47073e+08
5.47671e+08
5.48213e+08
5.48764e+08
5.49373e+08
5.50092e+08
5.50673e+08
5.51264e+08
5.51834e+08
5.52424e+08
5.53048e+08
5.53642e+08
5.54197e+08
5.5478e+08
5.55342e+08
5.55948e+08
5.56706e+08
5.57276e+08
5.57831e+08
5.5837e+08
5.58977e+08
5.59595e+08
5.60176e+08
5.60842e+08
5.61426e+08
5.6215e+08
5.62704e+08
5.63307e+08
5.63868e+08
5.6444e+08
5.65016e+08
5.6557e+08
5.66115e+08
5.66748e+08
5.67391e+08
5.67973e+08
5.68587e+08
5.69142e+08
5.69726e+08
5.70329e+08
5.70913e+08
5.71491e+08
5.72081e+08
5.72695e+08
5.7325e+08
5.73825e+08
5.74397e+08
5.75059e+08
5.75741e+08
5.7632e+08
5.77007e+08
5.77692e+08
5.78316e+08
5.78871e+08
5.79676e+08
5.80303e+08
5.80881e+08
5.81467e+08
5.82049e+08
5.82999e+08
5.83609e+08
5.84254e+08
5.84931e+08
5.85611e+08
5.86448e+08
5.87066e+08
5.87756e+08
5.88449e+08
5.89196e+08
5.90022e+08
5.90661e+08
5.91251e+08
5.91983e+08
5.92671e+08
5.93436e+08
5.94351e+08
5.95102e+08
5.95691e+08
5.9623e+08
5.96839e+08
5.97553e+08
5.9822e+08
5.9881e+08
5.99664e+08
6.00232e+08
6.00931e+08
6.01726e+08
6.02492e+08
6.03313e+08
6.03885e+08
6.04466e+08
6.05221e+08
6.05771e+08
6.06466e+08
6.07056e+08
6.07628e+08
6.08432e+08
6.09069e+08
6.09625e+08
6.10268e+08
6.10906e+08
6.11484e+08
6.12037e+08
6.127e+08
6.13272e+08
6.13821e+08
6.14412e+08
6.1505e+08
6.15623e+08
6.16202e+08
6.16915e+08
6.17564e+08
6.18322e+08
6.19026e+08
6.19594e+08
6.20166e+08
6.20734e+08
6.2129e+08
6.21865e+08
6.22432e+08
6.23085e+08
6.23659e+08
6.24201e+08
6.24811e+08
6.25383e+08
6.26285e+08
6.27049e+08
6.27846e+08
6.28464e+08
6.29067e+08
6.29662e+08
6.30555e+08
6.31396e+08
6.31998e+08
6.32745e+08
6.33306e+08
6.33843e+08
6.34407e+08
6.34951e+08
6.35483e+08
6.3602e+08
6.36578e+08
6.37122e+08
6.37657e+08
6.38233e+08
6.38942e+08
6.39721e+08
6.40515e+08
6.41254e+08
6.41782e+08
6.42315e+08
6.43016e+08
6.43559e+08
6.44319e+08
6.45151e+08
6.45994e+08
6.4669e+08
6.47445e+08
6.48037e+08
6.48684e+08
6.49271e+08
6.49874e+08
6.50578e+08
6.51226e+08
6.51852e+08
6.52484e+08
6.53065e+08
6.53611e+08
6.54189e+08
6.54736e+08
6.55296e+08
6.55961e+08
6.56622e+08
6.57305e+08
6.57872e+08
6.58594e+08
6.59141e+08
6.59697e+08
6.60247e+08
6.60799e+08
6.61339e+08
6.61871e+08
6.62415e+08
6.63152e+08
6.64051e+08
6.64657e+08
6.65391e+08
6.66041e+08
6.66762e+08
6.67306e+08
6.67861e+08
6.68457e+08
6.69071e+08
6.69628e+08
6.7016e+08
6.70719e+08
6.71394e+08
6.71982e+08
6.72532e+08
6.73059e+08
6.73588e+08
6.74129e+08
6.74776e+08
6.75345e+08
6.75975e+08
6.76656e+08
6.77317e+08
6.77976e+08
6.78662e+08
6.79304e+08
6.8017e+08
6.80918e+08
6.81676e+08
6.82462e+08
6.8326e+08
6.83957e+08
6.84617e+08
6.854e+08
6.86186e+08
6.86833e+08
6.87463e+08
6.88263e+08
6.89015e+08
6.89805e+08
6.90486e+08
6.91442e+08
6.92248e+08
6.9295e+08
6.93659e+08
6.94294e+08
6.94963e+08
6.95838e+08
6.96865e+08
6.97708e+08
6.98647e+08
6.99358e+08
7.00163e+08
7.00721e+08
7.01526e+08
7.02241e+08
7.03001e+08
7.0365e+08
7.04307e+08
7.05104e+08
7.05738e+08
7.06312e+08
7.07135e+08
7.07771e+08
7.08351e+08
7.08943e+08
7.09547e+08
7.10155e+08
7.10802e+08
7.11545e+08
7.12124e+08
7.12709e+08
7.1327e+08
7.13799e+08
7.14395e+08
7.14972e+08
7.15554e+08
7.161e+08
7.16641e+08
7.17225e+08
7.17783e+08
7.18343e+08
7.18946e+08
7.1949e+08
7.20258e+08
7.20843e+08
7.21506e+08
7.22134e+08
7.22682e+08
7.23226e+08
7.23837e+08
7.24586e+08
7.25199e+08
7.25757e+08
7.26374e+08
7.27253e+08
7.27949e+08
7.28495e+08
7.29631e+08
7.30502e+08
7.31245e+08
7.32168e+08
7.32755e+08
7.33445e+08
7.34072e+08
7.34692e+08
7.35242e+08
7.35807e+08
7.36404e+08
7.36963e+08
7.37529e+08
7.38169e+08
7.38854e+08
7.39509e+08
7.40052e+08
7.40624e+08
7.4126e+08
7.4204e+08
7.42754e+08
7.43396e+08
7.43957e+08
7.44514e+08
7.45072e+08
7.45632e+08
7.46223e+08
7.46857e+08
7.47504e+08
7.48134e+08
7.48902e+08
7.49525e+08
7.5009e+08
7.50838e+08
7.51406e+08
7.51989e+08
7.52618e+08
7.53207e+08
7.53788e+08
7.54366e+08
7.54903e+08
7.55474e+08
7.56065e+08
7.56949e+08
7.57519e+08
7.58128e+08
7.58678e+08
7.59284e+08
7.59863e+08
7.60429e+08
7.60976e+08
7.616e+08
7.62526e+08
7.63427e+08
7.63975e+08
7.64758e+08
7.65342e+08
7.65921e+08
7.66498e+08
7.67068e+08
7.67716e+08
7.68308e+08
7.6897e+08
7.69563e+08
7.70118e+08
7.70743e+08
7.713e+08
7.71857e+08
7.72472e+08
7.73039e+08
7.73598e+08
7.74257e+08
7.74885e+08
7.75434e+08
7.7603e+08
7.76579e+08
7.77215e+08
7.77789e+08
7.7838e+08
7.78931e+08
7.79524e+08
7.80077e+08
7.80704e+08
7.81359e+08
7.81995e+08
7.82578e+08
7.83151e+08
7.83715e+08
7.84313e+08
7.84932e+08
7.8549e+08
7.86073e+08
7.8664e+08
7.87378e+08
7.87929e+08
7.88461e+08
7.88989e+08
7.89548e+08
7.903e+08
7.90967e+08
7.91534e+08
7.92102e+08
7.92884e+08
7.9352e+08
7.94127e+08
7.95049e+08
7.96277e+08
7.97097e+08
7.98075e+08
7.98822e+08
7.99583e+08
8.00469e+08
8.01256e+08
8.0185e+08
8.02413e+08
8.02981e+08
8.03713e+08
8.04475e+08
8.05186e+08
8.0581e+08
8.06373e+08
8.06922e+08
8.07485e+08
8.0803e+08
8.08661e+08
8.09199e+08
8.09804e+08
8.10359e+08
8.10914e+08
8.11585e+08
8.12125e+08
8.12688e+08
8.13233e+08
8.13858e+08
8.14504e+08
8.15068e+08
8.15631e+08
8.162e+08
8.16947e+08
8.17509e+08
8.18113e+08
8.18683e+08
8.1922e+08
8.20029e+08
8.20668e+08
8.21271e+08
8.21873e+08
8.2249e+08
8.23183e+08
8.2387e+08
8.24599e+08
8.25354e+08
8.2614e+08
8.26925e+08
8.27739e+08
8.28769e+08
8.29536e+08
8.30462e+08
8.3126e+08
8.31866e+08
8.32646e+08
8.33438e+08
8.34232e+08
8.35011e+08
8.35607e+08
8.36147e+08
8.36706e+08
8.37482e+08
8.38234e+08
8.38952e+08
8.39566e+08
8.40478e+08
8.412e+08
8.41864e+08
8.42399e+08
8.43019e+08
8.43611e+08
8.44199e+08
8.4477e+08
8.45319e+08
8.45942e+08
8.46505e+08
8.47092e+08
8.47666e+08
8.48223e+08
8.48775e+08
8.49362e+08
8.49922e+08
8.50498e+08
8.51202e+08
8.5183e+08
8.52478e+08
8.53009e+08
8.53717e+08
8.54252e+08
8.54795e+08
8.55336e+08
8.55883e+08
8.56443e+08
8.57034e+08
8.57593e+08
8.58173e+08
8.58824e+08
8.59403e+08
8.5995e+08
8.60518e+08
8.61379e+08
8.62317e+08
8.62913e+08
8.63806e+08
8.64406e+08
8.65215e+08
8.65964e+08
8.66588e+08
8.67391e+08
8.68079e+08
8.68817e+08
8.69522e+08
8.7029e+08
8.71042e+08
8.71714e+08
8.72361e+08
8.72925e+08
8.73468e+08
8.74054e+08
8.74663e+08
8.75194e+08
8.75721e+08
8.7626e+08
8.76887e+08
8.7744e+08
8.78046e+08
8.78573e+08
8.79095e+08
8.79628e+08
8.80163e+08
8.80693e+08
8.81243e+08
8.81899e+08
8.82711e+08
8.83296e+08
8.83842e+08
8.84416e+08
8.85235e+08
8.85789e+08
8.86372e+08
8.86938e+08
8.87498e+08
8.88075e+08
8.88799e+08
8.89353e+08
8.89909e+08
8.90482e+08
8.91159e+08
8.91823e+08
8.92405e+08
8.92995e+08
8.93565e+08
8.94161e+08
8.9492e+08
8.95654e+08
8.96586e+08
8.97387e+08
8.98198e+08
8.98913e+08
8.99737e+08
9.00472e+08
9.01202e+08
9.01784e+08
9.02334e+08
9.02971e+08
9.03539e+08
9.04101e+08
9.04694e+08
9.05372e+08
9.05964e+08
9.06613e+08
9.07257e+08
9.08157e+08
9.08762e+08
9.09538e+08
9.101e+08
9.10714e+08
9.11524e+08
9.12178e+08
9.12916e+08
9.13635e+08
9.14177e+08
9.14717e+08
9.15251e+08
9.15973e+08
9.16744e+08
9.17515e+08
9.18437e+08
9.19112e+08
9.19742e+08
9.20271e+08
9.20942e+08
9.21723e+08
9.22359e+08
9.23008e+08
9.23662e+08
9.24346e+08
9.24912e+08
9.25608e+08
9.26421e+08
9.27094e+08
9.27902e+08
9.28525e+08
9.29229e+08
9.30143e+08
9.3112e+08
9.3198e+08
9.32978e+08
9.33543e+08
9.34279e+08
9.3497e+08
9.35541e+08
9.36127e+08
9.36714e+08
9.37332e+08
9.37952e+08
9.38606e+08
9.39206e+08
9.39774e+08
9.40339e+08
9.40987e+08
9.41564e+08
9.42113e+08
9.42642e+08
9.43179e+08
9.43706e+08
9.44234e+08
9.4476e+08
9.45298e+08
9.45856e+08
9.46412e+08
9.47049e+08
9.47785e+08
9.48391e+08
9.48943e+08
9.49516e+08
9.50097e+08
9.50806e+08
9.51408e+08
9.51974e+08
9.52606e+08
9.53196e+08
9.53754e+08
9.54297e+08
9.5489e+08
9.5545e+08
9.56005e+08
9.56553e+08
9.57102e+08
9.57674e+08
9.58218e+08
9.5883e+08
9.59509e+08
9.60068e+08
9.60614e+08
9.61176e+08
9.6177e+08
9.62331e+08
9.62889e+08
9.6345e+08
9.64239e+08
9.65142e+08
9.65806e+08
9.66615e+08
9.6719e+08
9.6776e+08
9.6839e+08
9.68956e+08
9.69673e+08
9.70336e+08
9.71039e+08
9.7159e+08
9.72161e+08
