127.926
103.572
100.6
95.21
116.646
109.401
96.722
104.213
105.472
102.108
96.321
108.934
93.093
97.491
105.205
106.872
107.993
101.347
95.98
85.122
116.376
88.998
105.926
96.08
99.858
107.083
88.065
98.203
93.571
128.011
87.46
89.124
96.004
131.534
100.861
97.828
102.812
100.046
88.309
93.487
105.611
122.905
98.494
89.925
105.994
122.858
90.243
156.922
247.734
131.898
154.664
139.599
96.91
121.694
117.795
98.58
88.964
135.462
111.915
109.868
127.913
91.018
113.615
114.943
123.371
119.902
122.207
109.651
107.555
92.602
110.503
142.473
124.082
109.475
108.061
109.485
106.626
121.323
101.438
116.805
96.191
107.808
124.719
100.029
117.604
119.897
119.785
113.299
145.901
111.547
117.244
146.39
205.789
162.525
96.313
163.037
86.88
89.754
97.039
92.218
115.42
122.767
97.352
97.664
103.331
89.744
189.649
102.015
94.975
114.628
107.618
93.952
89.983
104.96
88.908
108.468
97.497
99.573
98.629
85.304
103.878
93.297
101.224
111.61
111.188
98.561
110.139
96.931
99.949
99.892
96.949
92.827
108.515
116.123
125.332
89.365
113.921
115.302
119
111.601
130.998
106.331
222.003
195.049
94.306
159.543
105.21
102.084
97.767
111.711
107.971
90.887
125.198
121.06
127.176
126.272
118.259
96.961
117.6
119.529
101.395
113.722
118.157
85.397
120.855
129.957
114.487
116.858
128.606
101.18
131.218
105.716
106.666
140.075
116.142
91.965
116.461
108.485
87.838
95.885
114.558
103.44
130.19
115.655
122.046
120.353
110.646
120.486
221.506
146.721
130.617
150.798
110.843
92.317
117.279
115.252
99.959
116.582
116.723
100.022
119.27
145.689
114.665
125.196
104.72
104.5
97.834
89.126
119.11
127.807
107.662
102.984
104.283
117.826
112.436
105.586
110.576
120.393
111.393
128.689
110.899
99.089
113.309
122.782
95.278
113.285
116.253
112.999
128.379
123.348
111.558
102.916
94.637
205.913
246.982
95.463
185.278
113.781
96.334
114.833
91.372
105.539
112.407
109.895
115.637
120.067
111.165
105.357
128.309
108.608
132.432
124.285
103.128
104.763
98.741
125.047
123.79
112.443
111.22
130.414
103.59
100.195
156.439
94.752
123.93
132.462
115.622
112.339
112.748
126.15
118.664
112.238
111.4
105.202
108.481
137.808
119.022
103.326
219.882
205.942
146.964
153.109
128.01
131.868
90.049
106.512
99.82
103.205
101.146
99.046
99.671
103.708
108.797
115.116
101.759
88.163
87.357
106.548
106.068
107.663
119.31
120.12
125.326
116.308
101.99
125.3
103.281
98.137
139.931
115.684
123.255
125.44
97.573
146.083
129.396
105.626
118.841
126.342
109.561
101.081
122.617
114.991
123.275
116.152
112.749
111.223
127.409
224.073
135.952
134.4
136.884
116.686
117.332
115.876
86.584
89.197
140.533
112.586
107.666
119.476
115.035
113.841
123.407
127.129
125.8
95.374
107.757
110.162
88.104
94.804
103.241
87.179
91.191
103.613
92.37
125.322
101.781
90.902
97.861
100.031
103.782
108.741
88.977
89.157
97.308
99.284
93.361
96.772
120.941
108.807
88.182
119.022
111.407
106.647
106.832
106.328
181.306
234.338
126.281
191.669
125.484
111.793
95.004
130.895
100.765
106.61
117.946
101.37
134.752
116.167
100.293
155.818
104.743
115.588
126.891
104.117
130.605
103.116
114.088
118.25
110.953
108.879
125.263
88.431
94.015
98.64
86.968
94.713
85.699
100.494
114.014
86.901
90.848
109.544
103.345
94.55
98.813
99.748
101.201
98.528
98.693
91.304
85.369
108.536
110.77
91.177
101.743
110.93
96.888
107.218
85.953
84.291
88.904
84.827
92.758
102.198
89.734
90.702
90.583
109.047
92.651
114.451
100.553
108.89
93.003
87.97
110.668
92.669
96.087
94.657
128.642
91.697
107
83.528
115.654
106.574
102.816
89.263
105.958
94.715
98.605
107.744
111.439
91.063
87.434
105.49
106.169
105.704
141.679
107.919
98.286
89.611
92.368
113.261
96.546
111.439
104.545
134.878
95.164
87.223
160.943
235.617
123.763
124.159
167.332
117.035
94.132
120.356
115.884
97.045
85.524
88.169
85.682
91.527
108.657
136.215
132.282
104.74
180.844
108.307
100.342
110.061
113.656
126.573
148.364
105.059
129.427
96.264
107.42
89.677
134.085
114.476
125.569
106.99
89.188
96.902
86.982
94.594
96.397
116.867
133.091
86.32
89.313
88.159
89.358
98.888
90.323
85.96
86.556
88.803
137.276
222.125
131.927
89.284
152.204
97.495
122.128
98.629
105.937
113.532
154.43
91.376
93.243
89.526
91.86
88.507
88.148
86.585
87.966
89.501
103.467
109.147
91.034
115.558
98.488
85.987
89.207
84.122
89.169
84.908
84.081
83.116
89.653
85.77
84.223
83.981
87.969
84.466
83.732
110.936
86.924
97.719
86.542
89.94
91.414
102.111
92.906
87.152
87.491
105.008
129.854
199.41
163.892
161.306
238.949
195.665
86.708
170.023
87.349
84.779
85.899
135.875
100.045
126.148
101.949
84.914
91.259
83.937
105.285
130.779
174.219
99.047
91.297
90.863
114.933
105.365
93.747
91.409
84.792
96.181
96.246
117.522
106.209
117.511
106.282
84.885
86.574
98.467
116.026
114.148
103.203
120.56
106.379
103.12
109.719
143.674
86.477
118.845
93.322
86.895
95.348
95.257
84.723
81.912
99.829
195.471
218.134
81.676
132.697
135.214
100.743
95.766
82.831
89.445
87.899
87.212
86.241
116.638
86.422
88.769
136.831
118.024
109.254
101.285
90.988
91.193
89.49
101.824
106.421
89.896
108.123
115.262
97.407
93.829
93.027
85.878
84.164
93.753
88.978
89.45
88.589
93.17
105.304
94.135
94.257
94.786
90.029
88.176
85.75
98.807
102.21
91.773
96.301
92.319
96.082
101.729
83.675
84.552
94.044
87.99
85.056
107.041
87.365
89.689
97.632
84.575
86.205
84.889
82.797
82.213
111.147
90.849
85.36
106.465
90.031
108.69
103.546
98.227
92.862
102.905
88.723
103.836
107.461
90.185
101.102
109.436
88.622
112.577
88.69
102.95
99.767
100.17
83.616
94.551
143.486
210.861
141.268
125.8
126.284
89.193
87.762
95.199
85.211
85.375
87.77
81.751
87.18
83.756
92.056
83.747
88.53
110.725
101.495
91.927
112.042
94.836
89.554
99.002
162.664
93.412
91.907
87.275
89.582
108.806
104.488
83.225
84.812
83.372
87.577
88.789
91.9
95.335
90.804
88.68
90.775
98.343
89.2
85.656
86.478
100.408
83.811
103.26
87.253
93.157
92.055
100.185
119.914
114.888
102.814
170.219
233.159
102.513
184.64
120.959
134.16
108.517
108.448
98.913
98.741
89.328
88.562
87.809
85.033
91.382
118.603
96.914
87.812
124.768
92.924
115.603
122.754
111.194
107.943
97.198
88.577
83.602
91.119
102.52
115.838
115.758
111.215
112.717
91.835
91.255
123.023
88.132
88.007
94.956
87.967
92.598
100.511
95.969
86.982
85.682
96.029
98.938
93.795
85.607
89.756
98.265
112.086
92.457
93.613
89.764
99.31
100.422
92.171
87.671
101.728
91.84
100.932
119.267
88.57
86.13
84.585
98.019
99.832
90.365
118.038
92.734
98.574
85.969
98.88
85.956
87.612
93.597
91.328
85.46
94.485
99.668
103.154
101.812
90.759
96.412
91.232
94.827
88.653
99.766
102.782
85.462
96.453
92.831
129.253
109.39
91.311
132.574
134.386
112.997
87.862
188.713
111.576
91.179
90.286
94.579
176.941
97.205
105.523
96.913
97.895
119.327
92.028
101.207
108.59
105.543
121.544
97.994
96.68
112.556
106.855
107.857
120.775
119.975
98.198
84.302
103.693
109.203
100.918
90.765
148.519
87.421
101.399
115.253
110.506
142.251
88.676
90.173
109.931
84.557
102.993
90.517
91.535
119.981
98.551
86.948
109.303
105.296
99.525
88.995
99.205
92.999
86.719
92.499
126.094
91.056
91.939
116.67
102.895
114.448
128.91
91.188
90.6
91.394
86.953
95.096
93.788
101.125
94.353
86.706
99.126
90.278
169.524
164.291
172.547
100.822
92.423
103.12
225.065
180.876
96.313
152.723
88.857
84.18
96.559
86.449
82.274
83.376
97.695
86.563
82.511
95.734
105.936
110.857
117.335
108.061
81.449
83.593
128.371
87.176
113.041
124.237
129.476
107.975
127.381
94.377
103.903
91.549
95.685
123.721
106.48
96.633
103.097
92.311
86.824
88.412
86.152
90.196
97.807
97.351
108.548
87.113
100.969
83.816
84.641
94.232
91.011
87.118
83.457
83.847
158.714
220.537
98.96
154.296
118.851
103.208
84.273
91.495
96.266
95.637
89.214
81.648
86.938
96.673
90.09
83.078
83.397
82.823
91.768
95.54
88.292
94.516
124.168
121.481
116.337
129.835
99.597
137.805
123.817
140.709
122.087
112.04
99.183
104.393
109.096
119.511
97.503
98.623
129.006
110.402
108.982
114.319
140.511
116.373
124.481
110.566
105.544
101.865
142.427
231.328
149.969
170.8
111.275
133.813
88.411
124.711
111.861
140.279
97.535
100.393
129.136
113.237
90.265
144.76
97.678
93.491
94.371
103.78
93.272
96.423
109.102
91.661
93.172
89.709
83.109
96.12
92.044
92.751
86.429
82.667
95.103
91.893
90.788
102.95
84.892
120.045
88.275
101.236
104.448
88.906
84.545
110.8
93.733
91.539
86.274
105.587
189.893
103.03
85.761
228.964
158.054
117.445
174.065
90.907
131.206
100.096
108.42
87.577
88.202
109.811
87.82
89.539
100.384
101.718
97.098
84.127
97.209
94.771
110.46
105.675
104.591
94.054
86.411
89.917
89.813
95.493
112.658
116.033
113.769
127.852
106.595
85.646
130.259
88.681
93.972
93.068
90.8
94.042
98.331
83.155
91.16
91.111
116.611
92.004
91.425
83.917
103.306
89.512
89.975
83.975
109.071
218.697
236.378
88.213
166.85
93.336
94.667
90.484
88.773
109.967
92.972
109.291
96.09
87.783
105.852
86.315
90.908
100.904
88.567
86.341
104.04
96.258
85.511
94.885
83.335
102.687
93.049
95.552
86.214
96.849
85.127
99.925
126.365
108.848
91.85
93.109
88.311
99.13
107.072
88.4
86.715
85.728
98.568
85.291
82.856
80.938
84.084
108.027
97.346
85.117
85.754
120.061
99.302
90.056
173.879
271.275
126.042
179.925
109.779
110.246
136.781
120.064
100.658
87.353
90.288
114.865
108.248
112.924
96.915
87.32
85.96
88.256
82.414
94.743
85.318
93.155
85.688
87.3
99.622
84.081
85.765
84.426
114.691
108.413
84.878
94.136
90.31
114.481
89.742
103.063
90.841
81.118
112.8
111.705
98.612
103.862
99.011
123.749
100.232
112.2
117.71
120.763
108.606
139.83
226.143
150.848
155.673
123.651
91.398
150.011
112.969
110.835
116.162
88.671
83.069
91.134
111.823
106.286
104.771
91.106
177.69
111.502
104.5
83.427
104.312
96.219
90.492
92.293
87.83
103.059
88.581
93.858
89.26
87.681
88.286
89.495
91.708
87.806
110.172
101.65
99.312
81.348
94.585
82.9
88.16
84.905
86.947
85.828
89.831
91.589
104.072
125.542
96.38
88.248
95.087
194.486
224.007
92.134
190.773
95.151
115.409
111.023
93.987
117.799
110.017
117.687
112.415
112.148
108.091
117.266
104.313
92.59
85.388
95.074
108.142
80.006
79.796
89.274
93.627
87.978
94.265
80.21
79.824
83.972
84.677
82.132
83.575
117.242
187.638
93.193
87.227
93.15
113.716
83.776
97.584
90.688
87.885
88.817
112.346
85.177
85.387
91.427
106.248
117.133
93.899
96.257
89.383
101.218
122.857
108.113
172.338
114.453
115.621
108.626
119.661
103.929
110.618
97.355
86.868
104.23
91.624
89.404
96.714
104.628
87.981
106.554
99.996
171.291
91.919
110.873
85.512
95.335
119.399
103.601
109.615
110.423
84.348
84.155
81.913
109.09
106.965
110.483
124.562
96.38
114.731
82.698
95.108
112.533
99.898
102.429
105.753
106.672
88.864
101.702
120.269
105.825
118.186
102.337
107.226
147.804
203.633
140.406
170.658
87.94
113.965
107.898
91.255
96.51
101.857
107.616
107.02
104.747
104.645
89.626
87.903
121.067
96.63
85.163
80.685
83.12
83.002
82.177
81.336
84.066
89.517
86.207
126.105
138.124
94.223
85.838
93.17
96.619
97.231
101.556
87.201
109.562
97.566
86.312
84.409
94.255
91.239
88.1
87.782
86.451
93.478
85.64
90.508
103.385
90.319
95.198
88.81
96.836
86.652
91.451
89.906
173.6
229.11
119.425
162.478
93.383
92.375
103.657
91.017
114.536
122.488
109.332
85.387
90.085
