0.00205528 96604
0.00164778 96787.6
0.00131528 97448.9
0.00104886 98069.2
0.000841611 98379.9
0.00068573 97552.6
0.000577454 95484.1
0.000515991 92471.1
0.000503703 88414.3
0.000549198 84477.5
0.000666364 81106.7
0.000858268 81027.9
0.00112959 80559.2
0.0790781 26002.7
0.0789178 29415.9
0.0787568 30380.5
0.0785911 29642.2
0.0784183 29246.9
0.0782392 29785.7
0.078056 31312
0.0778705 33177.2
0.077683 34840.3
0.0774931 36305.8
0.0773005 37831
0.0771053 39445.1
0.076908 41666.9
0.0767093 44080.7
0.07651 47069.7
0.0763103 50303.4
0.0761092 52788.8
0.0759042 54343.7
0.0756941 55579.3
0.0754784 56768.5
0.0752564 57801.9
0.0750277 58763.3
0.0747916 59523.8
0.0745478 60135.5
0.074296 60693.8
0.074036 61218.9
0.0737678 61736.5
0.0734913 62214
0.0732063 62775.5
0.0729127 63343.5
0.0726104 63917.8
0.0722989 64521.9
0.0719781 65127.1
0.0716475 65696.4
0.071307 66323.8
0.0709562 66812.3
0.0705948 67416.9
0.0702228 67978.8
0.0698397 68529.4
0.0694454 69077
0.0690397 69652
0.0686222 70221.2
0.0681926 70762.9
0.0677508 71299.9
0.0672966 71854
0.0668296 72363.7
0.0663497 72974
0.0658568 73402.9
0.0653505 74027.9
0.0648308 74457.4
0.0642975 75032.6
0.0637506 75499.9
0.0631899 76047.6
0.0626155 76448.9
0.0620273 77015.3
0.0614255 77388.2
0.06081 77972.3
0.060181 78371
0.0595388 78868.9
0.0588835 79330.3
0.0582156 79793.9
0.0575354 80254
0.0568433 80717.9
0.0561398 81187.8
0.0554257 81661.5
0.0547014 82133.2
0.0539671 82638.2
0.053223 83165.9
0.052469 83704.8
0.0517045 84198.8
0.0509295 84719.9
0.050144 85169.8
0.0493484 85544.4
0.0485434 85919.2
0.0477296 86297.5
0.0469076 86661.3
0.0460783 87008.4
0.0452426 87345.2
0.0444017 87647.7
0.0435562 87976.5
0.0427073 88311.6
0.0418554 88593.6
0.0410011 88922
0.0401448 89242.1
0.039287 89524.6
0.0384283 89803.5
0.0375693 90049.3
0.0367105 90336.8
0.0358528 90538.9
0.0349967 90761
0.034143 90982
0.0332926 91184.1
0.0324462 91367.1
0.0316046 91532.3
0.0307686 91690.7
0.0299393 91835.5
0.0291178 91980.3
0.028305 92141.9
0.0275017 92305.5
0.0267082 92485.8
0.0259246 92661.8
0.0251504 92813.2
0.0243857 92920.5
0.0236314 93026.3
0.0228887 93134.8
0.022158 93245.3
0.0214397 93361.9
0.0207341 93471.6
0.0200413 93586.8
0.0193615 93694.8
0.0186949 93803.1
0.0180416 93903.5
0.0174016 94004.3
0.0167751 94109.6
0.016162 94204.1
0.0155625 94302
0.0149764 94389.6
0.0144037 94486.1
0.0138443 94570.1
0.0132982 94641.1
0.0127654 94718
0.0122459 94811.5
0.0117395 94879
0.0112461 94954.9
0.0107654 95024.2
0.0102975 95088
0.00984199 95151.3
0.00939893 95213.3
0.00896811 95274.6
0.00854934 95336.5
0.00814245 95395.3
0.00774723 95449.1
0.0073635 95503.7
0.00699107 95561.9
0.00662971 95610.8
0.00627922 95666
0.00593939 95718.9
0.00560998 95768.6
0.00529078 95823.7
0.00498154 95875.2
0.00468207 95923.1
0.00439215 95977.1
0.00411157 96031
0.00384012 96091.2
0.00357756 96162.6
0.00332367 96245.3
0.00307816 96332.1
0.00284075 96415.9
0.00261116 96495.1
0.00238895 96541.5
0.0797007 57564.8
0.0797822 56662.3
0.0798552 54847.7
0.07992 49677.6
0.0799751 40940.2
0.0800179 30460.1
0.0800442 18291
0.08005 11529.3
0.0800358 6707.09
0.0800086 34560.2
0.0799724 34691.4
0.0799221 34896.3
0.0798579 34537.9
0.0797843 33606.1
0.079701 24989.1
0.0796111 8666.37
0.0795189 13947.3
0.0794248 17776.6
0.0793247 19800.7
0.0792156 23092.4
0.0013797 80723.4
0.00157096 81279
0.00177488 81617.5
0.00199054 82222.3
0.00221676 82590.8
0.00245233 83012.5
0.00269664 83017
0.00294989 82993.2
0.00321258 82761.1
0.00348528 82497.1
0.00376857 82168.8
0.00406308 81788.4
0.00436951 81337.8
0.00468854 80886
0.00502093 80436.1
0.00536737 79976.7
0.00572837 79497.2
0.00610435 79213.2
0.00649569 78786
0.00690276 78287.7
0.00732596 77896.1
0.00776564 77591.7
0.00822217 77151.9
0.00869597 76551.5
0.0091875 76076.7
0.00969723 75545.8
0.0102256 75067.6
0.010773 74625.5
0.0113395 74169.5
0.0119254 74105.3
0.0125303 73792.3
0.0131542 73649.6
0.0137969 73483.5
0.0144582 73293.5
0.015138 73093.9
0.015836 72916.2
0.0165522 72655.7
0.0172861 72319.6
0.0180376 71982.4
0.0188063 71609.3
0.0195916 71159.8
0.020393 70668.7
0.0212096 70168.9
0.0220406 69855.3
0.0228851 69850.4
0.0237427 69556.1
0.0246132 69418
0.025496 68901.6
0.0263899 68351
0.0272937 67689.4
0.028206 66996.6
0.0291254 66394
0.0300509 65514.1
0.0309815 64803.1
0.0319145 63597
0.0328465 62965.8
0.0337762 62920.5
0.0347046 62711.6
0.0356318 62144.1
0.0365578 61846.6
0.0374815 60737.6
0.0384005 59252
0.0393117 58156.3
0.0402123 57211.9
0.041101 56465.2
0.0419773 55793.5
0.0428407 55191.5
0.0436908 54742.3
0.0445273 54119
0.0453504 53815.2
0.0461606 53492.3
0.0469583 52919.8
0.0477422 51471.5
0.0485084 48935.2
0.0492519 46493.5
0.049968 43796.8
0.0506545 41598.9
0.0513162 40456.2
0.0519637 40610
0.052606 41601.3
0.0532456 42629.1
0.0538826 43860.3
0.0545167 44880.7
0.0551475 46045.9
0.0557743 47137.2
0.0563968 47927.7
0.0570144 48378.8
0.0576269 48325.1
0.0582339 47994.6
0.058835 47271.1
0.0594298 46273.2
0.060018 45293.5
0.0605992 44053.1
0.0611732 43040.9
0.0617397 41816.7
0.0622984 40622.7
0.0628491 39593
0.0633915 38401.2
0.0639255 37268.3
0.0644508 36422.1
0.0649673 35344.5
0.0654747 34255.3
0.0659729 33367.5
0.0664618 32537.6
0.0669415 31756.6
0.0674118 30925.9
0.0678729 30146.9
0.0683247 29220.2
0.0687668 27998.2
0.0691989 26199
0.0696208 29792.4
0.0700323 39791.1
0.0704337 47246.1
0.0708255 48904.3
0.0712082 47504.3
0.0715821 47738.5
0.0719478 48255.4
0.0723053 48606.5
0.0726541 48397.3
0.0729941 48053.3
0.0733249 47808.8
0.0736464 47365.3
0.0739584 46948.7
0.0742611 46674.3
0.074555 46503.8
0.0748406 46457.1
0.0751182 46548.5
0.0753884 46767.9
0.0756513 47094.1
0.0759074 47443.7
0.0761567 47667.2
0.0763988 47631.4
0.0766335 47356.6
0.0768606 46957
0.0770798 46466.4
0.077291 45812.5
0.0774941 45073.7
0.077689 44308.7
0.0778757 43509.6
0.0780546 42901.7
0.0782265 42634.5
0.0783926 42699
0.0785536 43266.4
0.0787104 43720.4
0.0788637 44670.4
0.0790137 46018.7
0.079161 47269.9
0.0793057 56747.3
0.079448 59735.3
0.0795882 59073.4
