392258
326369
288819
262496
245043
230468
214726
201250
188644
178212
170023
164254
159593
156653
154163
153260
154591
158447
164781
175908
190286
195699
196576
193518
188410
182725
177795
172907
169238
167225
161992
160917
155378
153109
152193
145150
147532
141281
137781
138054
139373
141809
145216
147246
146653
143373
140817
135521
126040
119889
115988
107434
104068
99203.9
92549.4
90828.6
86291.4
83790.8
82380.1
80857.7
80492.3
79062.4
78370.4
78009.6
78167.9
78901.3
79083
79107.8
79525.4
82630.3
83222.3
79862.1
85450.2
80717.5
79457.4
80789
86241.6
77061.3
76787.7
74385.4
70328.1
68454.6
67931.6
67453.9
66978
66595.2
66063
64954.7
64141.7
63486.9
63121
61116.8
61796.1
61014.7
58512.9
57965.9
58080.2
58635
58128.5
59188.7
58464.1
58901.9
58926
59364.2
60127.8
59901.3
62313.5
61175.3
62193
64021.2
66530.1
69287
74547.7
76267.1
78817.6
86707.2
83846.7
83202.2
85138.6
88807.7
91688.9
92789
96862.9
100840
103897
99175
104211
102893
99341.8
96096.3
96211.9
92874.4
92776
91502.5
93033.7
90392.2
91313
92546
90859
88548.2
86341.3
86080.7
83176.3
84894
83239
89517.6
84650.6
86336.1
87091.6
85250.7
83808.3
84882
85930
89728.2
94251.4
86178.8
82689.3
82502.4
81773.2
84562.2
86952.6
84784.5
86002.1
86297.3
84194.9
82983.2
80768.9
77677.5
74233.5
71197.9
68796.1
68828
71264.1
68282.7
68561.4
68163.8
66268.8
70818.9
71159.5
67348.9
67901.5
69747.9
63288.7
65348.1
61771.5
58151.4
56436.9
55306.3
57811
63006.5
54578.2
54491.5
53411.9
50179
55351.7
52414.8
52336.4
48460
51705.3
46638.8
45429.7
45335.2
52854.9
48446.7
51779.6
60843.8
52924.6
51869.2
47733.5
50891.4
48221.2
43438.7
41363
46743.3
49176.6
68030.9
49700.9
51449.6
72921.6
63681
52577.6
59110.1
62111
58635.4
52166.8
73427.7
59412.7
58558.4
55626.2
51310.4
48927.5
54106
51679.6
48322.8
55212.5
55160.7
52394.6
52328.5
53854.3
55039.6
50992.7
47776.2
47705.1
52298.8
44768.1
46521.9
43982.6
44354.4
49122.2
47321.7
45678.3
43178
44067.9
47768.3
45815.6
52144.9
44746
46212.5
47103.7
50557.8
55745.8
46572.8
45430.5
45077.8
46532.1
45749.5
42976.8
43028.9
48701.9
50208
48870.8
46306.5
43635.9
45491.9
47160.3
46235.7
51597.8
49413.5
48055.7
45888.8
45856.4
45263.1
46610.8
50531.8
44820.2
44619.5
52387.1
51932.1
50465.1
53500.8
46809.6
46974.4
49306.6
50842.6
47736
43741.4
43733.6
42995.4
45212.1
45459.3
50804.7
46301.7
44203.5
44615.8
43920.5
44477.7
54734.9
44127
44019.4
47029.4
45158.6
45513.2
55681.5
59250.7
48824.5
49830.3
50922.6
47171.3
44253.2
53853.8
48157.2
46886.4
56079.1
49433.8
45377.3
44597.5
58885.2
47383.3
45147.4
46538.8
51301.3
85518.8
64155
54205.4
57155.8
58517.2
56279.8
53745.2
54638.6
53441.5
50889.4
47639.1
46382.9
44626.7
42370.3
44677.5
40428.5
40593.5
41024.5
38153.5
39553.9
39453
37765
37182.6
36994.6
35756.8
35928.4
35144.5
43078.7
37364.4
37465.5
39973.6
37225.7
36770.3
38155.4
40058.8
38670.7
41867
39135.9
39119.6
39134.4
38788.5
40502.8
41782.9
43222.6
44306.2
45943.8
42507.2
41722.5
43304.9
37636.8
34692.4
32346.4
31322.8
30573.1
28968.6
27629.1
27595.9
27429.3
26304.4
25413
27575.6
25211.3
24727.1
24701.4
22243.3
21777.2
21306.3
20836.2
20324.7
20971
20507.2
20530.8
25553.5
21234.6
20546.5
19776.3
20236.5
19992.4
19632.3
19424.9
19438.2
18908.4
22793.7
20017.3
20313.8
20299.9
19528.2
18634.1
18028.1
17566
20981.4
19952
17803.1
19054.7
16930.6
16266.8
18347.6
17119.6
16463.2
19538
16837
16015.3
15457
15026.9
14935.6
15383.3
15378.9
14799.2
14447.6
15047.4
15146.8
14506.6
15552.9
16169
14555.5
15104.8
14988.8
14627
15696.5
14815.5
15958.9
15250.1
15845.9
16627.4
14514.4
14728
14483.4
13803.3
15159.2
14829.4
14811.9
16227.2
15113.7
15749
15522.4
14581.4
15888.5
14345.3
14068.8
15798.2
16196.1
15052.4
14846.9
14421.5
15219.5
14672.7
14443
14016.8
13701.2
14453.9
14423.2
14597.6
15217.7
14194.7
15476.3
15164.6
15203.2
18601.7
15758.2
15445.9
14549.5
14490.7
15022.7
14230.9
13938.1
14616.3
14028.1
13399
13176.2
17539.3
14795.3
15020.5
13749.8
13708.8
15142.5
13566.9
13828.7
13431.3
13268.4
12921
12465.6
12381.6
12351
12144
12998.4
13169.1
13567.1
12878
12724.2
12358.2
12612.3
12652.2
12261.5
12401.7
12361.4
13949.5
13309.4
12607.2
12850.7
13100.9
13625.1
12441.5
13152.5
12828.3
13391.1
12716.2
12400
12036.7
12524.7
13204.8
12703
12463
18106.5
13111.8
12406.8
12617.8
12724.5
12374.4
12848.8
12517.4
11914.6
12174.8
11974
11859.3
11987.9
11445.4
11240.6
11611.2
10769.5
11023.7
12165.9
11459.4
11083.3
10869.8
10777.4
10548.8
10180.7
10064.2
10534.8
10713.4
10185
9764.03
9948.75
9994.79
9443.92
9281.73
9704.89
10456.4
9781.39
9667.23
9787.13
9664.95
10063.5
9799.25
9821.96
9073.65
9730.43
9453.64
9030.56
8823.94
8951.6
9725.81
9209.14
8208.42
8053.56
8833.28
7325.92
7272.18
6830.66
6469.44
6940.55
6278
6150.25
6924.46
6929.52
6793.32
8114.36
6661.99
7186.53
7539.51
6741.59
6887.56
7883.64
6870.16
7800.96
7149.52
6812.74
6721.02
6806.8
6755.33
7300.92
6786.29
7039.12
8328.57
7574.98
6896.81
7904.36
7524.66
8786.95
8759.54
7168.1
6859.77
7322.42
6465.02
6588.15
6863.74
6417.64
7256.65
6731.72
6690.82
7431.91
7149.94
6930.72
8246.11
7373.57
8200.84
7351.5
7176.65
6946.56
7247.25
6922.76
6690.82
6556.14
6855.68
7036.27
7136.33
7556.1
7764.51
7913.42
8270.84
7869.45
6641.06
7599.1
7797.2
18479.4
9467.01
7974.06
126061
