1.38154e+06
3.35845e+06
4.67055e+06
5.76836e+06
6.88871e+06
8.00509e+06
9.13248e+06
1.02738e+07
1.15149e+07
1.2676e+07
1.37919e+07
1.49727e+07
1.6085e+07
1.71782e+07
1.84449e+07
1.96725e+07
2.08849e+07
2.21504e+07
2.34209e+07
2.46514e+07
2.60552e+07
2.73122e+07
2.8446e+07
2.95407e+07
3.06557e+07
3.17795e+07
3.29594e+07
3.40588e+07
3.51675e+07
3.63276e+07
3.74857e+07
3.85806e+07
3.96679e+07
4.07805e+07
4.18901e+07
4.30008e+07
4.41451e+07
4.52955e+07
4.64156e+07
4.76197e+07
4.89764e+07
5.02143e+07
5.14225e+07
5.25686e+07
5.36904e+07
5.4792e+07
5.59113e+07
5.69958e+07
5.81059e+07
5.92581e+07
6.03471e+07
6.14607e+07
6.25712e+07
6.37162e+07
6.48275e+07
6.5924e+07
6.70148e+07
6.81726e+07
6.92413e+07
7.03666e+07
7.1564e+07
7.26717e+07
7.37891e+07
7.50129e+07
7.60607e+07
7.71669e+07
7.82355e+07
7.93595e+07
8.0463e+07
8.15412e+07
8.26272e+07
8.3845e+07
8.49506e+07
8.60485e+07
8.71875e+07
8.82763e+07
8.93603e+07
9.04392e+07
9.15149e+07
9.26224e+07
9.38501e+07
9.49354e+07
9.60458e+07
9.7149e+07
9.8244e+07
9.93507e+07
1.00513e+08
1.01604e+08
1.0282e+08
1.03927e+08
1.05003e+08
1.06056e+08
1.07139e+08
1.0822e+08
1.09373e+08
1.10494e+08
1.1159e+08
1.12692e+08
1.13777e+08
1.1486e+08
1.16038e+08
1.17139e+08
1.18232e+08
1.19326e+08
1.20455e+08
1.21597e+08
1.22688e+08
1.23782e+08
1.24899e+08
1.26001e+08
1.27153e+08
1.28241e+08
1.29368e+08
1.30504e+08
1.31595e+08
1.32772e+08
1.33868e+08
1.35064e+08
1.36168e+08
1.37288e+08
1.38466e+08
1.39652e+08
1.40786e+08
1.41929e+08
1.43064e+08
1.44133e+08
1.45216e+08
1.46283e+08
1.47405e+08
1.48558e+08
1.49737e+08
1.50912e+08
1.52007e+08
1.53216e+08
1.54293e+08
1.55462e+08
1.56554e+08
1.57764e+08
1.58996e+08
1.60186e+08
1.61452e+08
1.62717e+08
1.63896e+08
1.65022e+08
1.66156e+08
1.67268e+08
1.68337e+08
1.69486e+08
1.70629e+08
1.71734e+08
1.72851e+08
1.73918e+08
1.75086e+08
1.7624e+08
1.7737e+08
1.78481e+08
1.79596e+08
1.80708e+08
1.81775e+08
1.82838e+08
1.84003e+08
1.85136e+08
1.86293e+08
1.87413e+08
1.88539e+08
1.89696e+08
1.91112e+08
1.92866e+08
1.9429e+08
1.95841e+08
1.9703e+08
1.98172e+08
1.99318e+08
2.01019e+08
2.02264e+08
2.03352e+08
2.04538e+08
2.05743e+08
2.07397e+08
2.08725e+08
2.09963e+08
2.1123e+08
2.12505e+08
2.13907e+08
2.15148e+08
2.16419e+08
2.17629e+08
2.18744e+08
2.19873e+08
2.21009e+08
2.22153e+08
2.23609e+08
2.25548e+08
2.27188e+08
2.28581e+08
2.29787e+08
2.30967e+08
2.32184e+08
2.33455e+08
2.34801e+08
2.36125e+08
2.37265e+08
2.3837e+08
2.39644e+08
2.40956e+08
2.42177e+08
2.43444e+08
2.4508e+08
2.46684e+08
2.47937e+08
2.49398e+08
2.50692e+08
2.5191e+08
2.53168e+08
2.54456e+08
2.5562e+08
2.56828e+08
2.58041e+08
2.59293e+08
2.60525e+08
2.61824e+08
2.63037e+08
2.64307e+08
2.65487e+08
2.66762e+08
2.67975e+08
2.69297e+08
2.70566e+08
2.71789e+08
2.73072e+08
2.74229e+08
2.75602e+08
2.77033e+08
2.78423e+08
2.7976e+08
2.80924e+08
2.82039e+08
2.83235e+08
2.84407e+08
2.85504e+08
2.86839e+08
2.88331e+08
2.89612e+08
2.9094e+08
2.92207e+08
2.93541e+08
2.95029e+08
2.96292e+08
2.97455e+08
2.98623e+08
3.00044e+08
3.01295e+08
3.02525e+08
3.03819e+08
3.05284e+08
3.06596e+08
3.07995e+08
3.09474e+08
3.10756e+08
3.12073e+08
3.13329e+08
3.1452e+08
3.15891e+08
3.17413e+08
3.18563e+08
3.19723e+08
3.20842e+08
3.21938e+08
3.23e+08
3.24122e+08
3.2528e+08
3.264e+08
3.27503e+08
3.28644e+08
3.29786e+08
3.3093e+08
3.32521e+08
3.33618e+08
3.34784e+08
3.35873e+08
3.37106e+08
3.38288e+08
3.39506e+08
3.4087e+08
3.42497e+08
3.43746e+08
3.44943e+08
3.46076e+08
3.47282e+08
3.48434e+08
3.49594e+08
3.50731e+08
3.51913e+08
3.53121e+08
3.54282e+08
3.55448e+08
3.56612e+08
3.57958e+08
3.59211e+08
3.60626e+08
3.6205e+08
3.63277e+08
3.64464e+08
3.65628e+08
3.67098e+08
3.68408e+08
3.69958e+08
3.71448e+08
3.72893e+08
3.74118e+08
3.75381e+08
3.76692e+08
3.7785e+08
3.79118e+08
3.80206e+08
3.81363e+08
3.82457e+08
3.83706e+08
3.84865e+08
3.86012e+08
3.87292e+08
3.88428e+08
3.89535e+08
3.9065e+08
3.91836e+08
3.92996e+08
3.94121e+08
3.95243e+08
3.96372e+08
3.97484e+08
3.98624e+08
3.99785e+08
4.01101e+08
4.02297e+08
4.03422e+08
4.04527e+08
4.05678e+08
4.06828e+08
4.0795e+08
4.09059e+08
4.10311e+08
4.11465e+08
4.1263e+08
4.13755e+08
4.14887e+08
4.16062e+08
4.1715e+08
4.18268e+08
4.1938e+08
4.20542e+08
4.21669e+08
4.22771e+08
4.23871e+08
4.2499e+08
4.2613e+08
4.27274e+08
4.28453e+08
4.29667e+08
4.30958e+08
4.32098e+08
4.33308e+08
4.34491e+08
4.35702e+08
4.36804e+08
4.37943e+08
4.39176e+08
4.40294e+08
4.41378e+08
4.425e+08
4.43621e+08
4.44783e+08
4.459e+08
4.47023e+08
4.48272e+08
4.49369e+08
4.50572e+08
4.51682e+08
4.52843e+08
4.5397e+08
4.55186e+08
4.56424e+08
4.57569e+08
4.58743e+08
4.59862e+08
4.60973e+08
4.62082e+08
4.63218e+08
4.64341e+08
4.65424e+08
4.66683e+08
4.67796e+08
4.68902e+08
4.70009e+08
4.71117e+08
4.72235e+08
4.73296e+08
4.74372e+08
4.75466e+08
4.76539e+08
4.77597e+08
4.78811e+08
4.79892e+08
4.80964e+08
4.82002e+08
4.8308e+08
4.84134e+08
4.85235e+08
4.86323e+08
4.87383e+08
4.88462e+08
4.89583e+08
4.90819e+08
4.91896e+08
4.92972e+08
4.94062e+08
4.95125e+08
4.96185e+08
4.97265e+08
4.9832e+08
4.99382e+08
5.00573e+08
5.01697e+08
5.02809e+08
5.0387e+08
5.04979e+08
5.06128e+08
5.07267e+08
5.085e+08
5.09605e+08
5.10687e+08
5.11811e+08
5.12918e+08
5.1395e+08
5.15029e+08
5.16152e+08
5.17368e+08
5.18539e+08
5.1963e+08
5.20913e+08
5.22023e+08
5.23259e+08
5.24332e+08
5.25442e+08
5.26503e+08
5.27536e+08
5.28627e+08
5.29716e+08
5.3076e+08
5.31819e+08
5.32886e+08
5.33945e+08
5.35047e+08
5.36102e+08
5.37156e+08
5.38288e+08
5.39356e+08
5.40418e+08
5.41494e+08
5.42534e+08
5.43635e+08
5.44812e+08
5.45858e+08
5.46976e+08
5.48091e+08
5.49127e+08
5.50179e+08
5.51205e+08
5.52285e+08
5.53407e+08
5.5451e+08
5.55581e+08
5.56644e+08
5.57692e+08
5.58723e+08
5.59819e+08
5.609e+08
5.62013e+08
5.6312e+08
5.64224e+08
5.65295e+08
5.6648e+08
5.67547e+08
5.68588e+08
5.69714e+08
5.70851e+08
5.72211e+08
5.7363e+08
5.75022e+08
5.77146e+08
5.78253e+08
5.7932e+08
5.80455e+08
5.81526e+08
5.82667e+08
5.83717e+08
5.84805e+08
5.8586e+08
5.86963e+08
5.88359e+08
5.90396e+08
5.91645e+08
5.92784e+08
5.93879e+08
5.9497e+08
5.96378e+08
5.97898e+08
5.99063e+08
6.00368e+08
6.01544e+08
6.02614e+08
6.03985e+08
6.05096e+08
6.06213e+08
6.07321e+08
6.08425e+08
6.09523e+08
6.10654e+08
6.11816e+08
6.12884e+08
6.14197e+08
6.16692e+08
6.17939e+08
6.19139e+08
6.20273e+08
6.21383e+08
6.22466e+08
6.23633e+08
6.24719e+08
6.25848e+08
6.27032e+08
6.2818e+08
6.29332e+08
6.30463e+08
6.31561e+08
6.32605e+08
6.33708e+08
6.3479e+08
6.3586e+08
6.36948e+08
6.38002e+08
6.3917e+08
6.40258e+08
6.4133e+08
6.42398e+08
6.43431e+08
6.4449e+08
6.45589e+08
6.46711e+08
6.47773e+08
6.48949e+08
6.50109e+08
6.5119e+08
6.52233e+08
6.53311e+08
6.54394e+08
6.55466e+08
6.56546e+08
6.5761e+08
6.58684e+08
6.5978e+08
6.60985e+08
6.62112e+08
6.63165e+08
6.64242e+08
6.65393e+08
6.66591e+08
6.67694e+08
6.68736e+08
6.69868e+08
6.70936e+08
6.72019e+08
6.731e+08
6.74123e+08
6.75212e+08
6.76324e+08
6.7738e+08
6.78554e+08
6.79671e+08
6.8074e+08
6.81787e+08
6.82938e+08
6.84058e+08
6.85083e+08
6.86166e+08
6.87231e+08
6.88408e+08
6.89515e+08
6.90571e+08
6.91614e+08
6.92664e+08
6.9375e+08
6.94817e+08
6.95861e+08
6.96928e+08
6.97999e+08
6.99065e+08
7.00152e+08
7.01198e+08
7.02303e+08
7.03434e+08
7.04658e+08
7.05773e+08
7.06828e+08
7.07892e+08
7.08974e+08
7.10044e+08
7.11189e+08
7.1228e+08
7.13473e+08
7.14543e+08
7.15629e+08
7.167e+08
7.17779e+08
7.18867e+08
7.1997e+08
7.21018e+08
7.22098e+08
7.23197e+08
7.24244e+08
7.25328e+08
7.2653e+08
7.27587e+08
7.28685e+08
7.29775e+08
7.30858e+08
7.31927e+08
7.32968e+08
7.34036e+08
7.35148e+08
7.36213e+08
7.37294e+08
7.38394e+08
7.39555e+08
7.40614e+08
7.41653e+08
7.42729e+08
7.43747e+08
7.44798e+08
7.45903e+08
7.46958e+08
7.48137e+08
7.49254e+08
7.50362e+08
7.51407e+08
7.52477e+08
7.53552e+08
7.54593e+08
7.55637e+08
7.56681e+08
7.57819e+08
7.58993e+08
7.60102e+08
7.61173e+08
7.62392e+08
7.64803e+08
7.66648e+08
7.67912e+08
7.69115e+08
7.70265e+08
7.71585e+08
7.72969e+08
7.74144e+08
7.75376e+08
7.76504e+08
7.77548e+08
7.78661e+08
7.7986e+08
7.80993e+08
7.82283e+08
