61.713
197.972
44.713
24.247
26.878
29.81
24.32
24.862
40.886
34.438
23.178
36.355
26.137
27.817
47.791
43.882
48.923
48.265
53.682
44.203
72.613
54.006
28.805
25.923
23.415
24.609
22.46
26.328
25.11
38.26
31.001
22.264
23.084
24.598
23.629
25.207
26.146
26.443
28.277
35.8
71.44
45.752
42.412
31.132
27.959
27.307
32.781
24.035
25.007
26.077
25.478
25.357
23.379
40.652
23.345
24.663
22.675
40.077
26.473
24.021
44.697
27.081
27.894
46.982
23.537
24.007
22.587
28.378
31.434
32.819
23.524
48.359
25.919
23.082
33.34
24.418
25.773
22.927
24.575
26.543
50.537
25.404
23.632
33.389
24.508
27.242
27.229
24.141
35.016
31.335
28.782
24.257
27.57
25.713
43.434
28.898
24.813
26.786
22.932
26.723
29.965
25.447
24.183
23.663
24.064
43.763
24.469
24.794
26.766
30.513
30.659
22.902
31.043
24.821
23.173
41.892
26.089
48.345
23.343
30.576
40.179
39.247
35.5
34.33
22.244
28.93
24.616
25.851
23.512
32.427
32.891
33.818
22.371
49.051
26.744
32.162
22.769
40.273
38.391
27.582
61.124
42.524
42.825
34.229
27.14
26.646
25.585
33.203
29.767
23.304
23.816
27.278
37.167
42.434
35.1
28.061
24.018
31.546
21.761
26.42
44.265
34.198
25.475
36.5
28.836
37.597
68.592
163.414
84.285
109.127
45.248
33.644
37.687
129.341
50.501
29.688
42.607
46.25
129.863
65.264
35.472
60.725
61.462
79.026
45.851
48.743
47.582
35.346
28.799
26.304
29.273
86.624
180.869
118.442
87.272
41.346
31.414
34.513
41.84
71.137
54.72
39.237
29.684
42.165
46.422
37.007
52.817
124.006
78.509
42.69
71.939
43.318
33.732
37.297
57.57
26.188
30.128
37.262
46.404
39.337
42.901
37.409
47.501
32.168
43.201
35.919
61.034
39.877
39.371
54.264
40.008
73.263
80.513
60.046
62.965
34.881
23.403
37.55
31.002
36.752
51.112
79.721
56.487
72.08
51.317
61.836
88.711
43.164
27.878
34.639
73.272
40.319
39.843
55.43
98.399
49.223
78.375
79.382
65.562
47.771
43.333
40.238
78.57
97.94
30.895
33.873
31.229
30.733
27.554
23.777
34.238
26.78
30.033
33.543
37.263
33.282
145.042
28.495
33.101
29.067
43.056
38.97
43.253
61.123
120.615
49.967
39.143
32.472
34.734
33.581
36.816
30.724
43.975
42.863
35.256
33.854
31.892
85.118
45.347
69.626
99.476
44.175
41.931
38.007
110.99
59.864
92.122
90.13
79.897
50.713
56.646
60.305
46.387
61.424
27.799
33.569
26.119
42.259
24.137
29.141
44.416
32.765
27.75
29.862
30.852
26.532
24.889
24.417
26.653
28.564
24.657
27.493
69.193
29.186
26.828
23.829
29.967
26.632
29.733
26.476
37.32
26.872
33.726
28.777
28.476
36.056
28.224
27.13
26.656
31.925
31.192
25.101
30.198
25.206
25.453
28.598
36.148
40.989
70.916
25.569
46.062
40.897
34.151
28.905
23.89
48.023
29.701
27.559
26.423
28.676
35.317
28.206
24.527
44.596
26.132
38.469
27.9
27.051
27.53
48.59
42.756
30.429
37.64
25.855
26.399
25.406
25.204
25.179
27.594
55.201
30.66
26.117
26.265
30.38
24.827
25.67
24.639
34.531
27.248
23.2
43.634
25.505
22.108
22.365
23.357
25.133
31.8
23.861
24.383
26.502
25.043
36.175
25.305
24.524
26.259
23.848
23.979
25.508
24.65
25.043
43.792
24.306
27.315
22.603
25.792
32.573
36.189
56.777
21.928
24.977
27.968
25.349
24.619
23.786
28.123
45.563
31.436
24.359
61.6
36.346
48.556
24.177
30.857
23.807
22.738
31.894
33.099
24.679
21.946
25.165
22.034
27.821
21.576
21.773
22.388
24.746
24.265
22.441
26.074
28.491
40.719
24.034
34.06
33.572
23.535
22.967
26.051
23.691
31.787
22.118
22.105
25.594
22.594
23.934
28.935
24.67
32.802
30.096
23.419
24.403
39.107
25.46
22.681
26.921
45.576
79.213
82.491
76.447
226.786
26.119
29.223
25.919
25.807
37.255
23.126
25.127
25.557
26.653
76.839
201.61
46.661
26.781
27.964
30.843
69.177
95.429
49.818
46.977
30.805
24.572
78.248
31.872
26.313
25.891
25.28
35.043
33.078
38.886
22.901
68.799
293.958
56.645
72.513
35.072
22.477
28.856
41.99
25.971
41.307
36.716
34.332
31.074
36.708
27.269
22.357
26.133
23.415
25.198
22.116
26.752
48.157
26.933
24.127
21.856
24.513
25.581
26.857
36.262
22.971
36.014
26.343
23.292
24.733
24.553
24.158
23.227
24.417
24.297
23.53
29.076
32.645
27.61
24.282
29.928
34.482
39.524
24.917
24.615
42.799
31.915
28.781
30.673
24.128
23.007
29.095
23.797
31.421
32.644
23.755
24.295
35.2
23.752
24.532
24.451
24.339
45.405
31.512
23.481
23.59
23.648
22.863
23.159
23.28
24.748
22.88
21.554
30.829
22.922
27.696
33.247
38.501
23.147
22.183
25.393
22.847
22.866
36.588
31.181
62.149
22.579
25.302
22.983
26.756
21.868
31.081
22.384
27.665
24.615
22.212
22.568
32.739
22.868
25.612
30.627
23.565
24.006
23.787
21.492
27.255
24.841
26.808
30.641
45.588
24.386
23.17
23.394
21.943
22.32
31.874
28.153
37.485
32.069
22.717
22.279
23.768
24.39
25.892
29.034
24.626
31.279
35.569
27.232
24.973
48.047
293.819
175.885
59.679
43.338
41.899
66.819
69.368
37.055
51.481
31.257
23.759
29.697
40.531
37.68
58.978
