0.00050082 88585.1
0.00050217 91103.2
0.000527116 92928.2
0.000526138 85009.4
0.000574382 94904.2
0.000583935 82212.3
0.000643395 96673.2
0.000678249 80439
0.000734277 97450.5
0.000807065 81081.5
0.000847815 98012
0.000969994 80711.1
0.000985273 97992.5
0.00114903 97803.4
0.00117391 80439.9
0.00135636 80568.2
0.00134254 97123.5
0.00149812 80816.8
0.00156751 96850.7
0.00164722 81174.6
0.00180339 81472
0.00182511 96611.8
0.00196613 81807.4
0.00213496 82313.3
0.002121 96483.7
0.00230933 82605.3
0.00236173 96469.3
0.00248875 82745
0.00252789 96416.1
0.00267308 82806.2
0.00269809 96357.3
0.00286245 82734.4
0.00287266 96296.7
0.00305709 82622.4
0.00305169 96228.1
0.00325723 82451
0.00323531 96158.2
0.0034631 82228.2
0.00342362 96088.7
0.00361677 96031.1
0.00367495 81963.1
0.00381486 95983.7
0.00389307 81698.6
0.004018 95920.2
0.00411772 81379.3
0.00422627 95882.1
0.00434922 81082.7
0.00443979 95840.4
0.00458785 80736.5
0.00465863 95804.3
0.00483393 80295.2
0.0048829 95764.2
0.00508779 79940.3
0.00511267 95721.1
0.00534971 79625
0.00534803 95677.5
0.00561991 79337.5
0.00558908 95639.3
0.00583593 95604.3
0.00589854 79019.7
0.00608865 95564.6
0.00618579 78691
0.00634736 95514.1
0.00648181 78321.6
0.00661215 95478.7
0.00678676 78069.8
0.0068831 95431.9
0.00710082 77749.7
0.00716032 95389.2
0.00742413 77454.2
0.00744389 95344.8
0.0077339 95305.8
0.00775685 77084.8
0.00803043 95263.3
0.00809915 76783
0.00833357 95217.3
0.00845118 76423.3
0.00864339 95172.4
0.00881315 76016.8
0.00895999 95126.5
0.00918526 75659.8
0.00928344 95079.3
0.00956771 75283
0.00961381 95028.6
0.00996069 74924.8
0.00995118 94978.2
0.0102956 94933.7
0.0103644 74518.2
0.0106472 94886.4
0.0107789 74049.7
0.0110059 94838.5
0.0112044 73871.6
0.0113719 94772.8
0.0116408 73681
0.0117451 94717.3
0.0121257 94666.2
0.0120881 73561.5
0.0125138 94602.1
0.0125463 73389.2
0.0129093 94537.1
0.0130152 73255
0.0133124 94478.3
0.0134948 73200.1
0.0137231 94419.4
0.0139851 73049.4
0.0141413 94361.7
0.0144859 72861.9
0.0145671 94298.6
0.0149971 72735.2
0.0150004 94224.8
0.0154414 94159.4
0.0155188 72583
0.01589 94080.6
0.0160509 72349.8
0.0163463 94008.8
0.0165931 72178.9
0.0168102 93945.7
0.0171455 72016.5
0.0172818 93864.3
0.0177079 71740.8
0.017761 93784.4
0.0182479 93712.3
0.0182801 71394.4
0.0187423 93645.7
0.0188621 70970.8
0.0192443 93546.9
0.0194534 70800.9
0.0197537 93467.9
0.020054 70423.4
0.0202706 93392.7
0.0206634 70196.7
0.0207949 93305.6
0.0213265 93216.5
0.0212814 69840.7
0.0218653 93142.7
0.0219074 69477.2
0.0224111 93062.8
0.0225412 69456.4
0.022964 92969.2
0.0231824 69341.7
0.0235237 92884.4
0.0238311 69244
0.02409 92820.4
0.0244871 68994.2
0.0246626 92739.5
0.0252409 92660.1
0.0251502 68520.1
0.0258244 92561.1
0.0258198 68296.7
0.0264132 92403.4
0.0264956 67802.7
0.0270075 92273.2
0.0271769 67301
0.0276076 92159.3
0.0278631 66725.2
0.0282132 92041.6
0.0285537 66257.8
0.0288242 91908.8
0.029248 65689.2
0.0294404 91798.7
0.0300613 91687.7
0.0299457 65274.7
0.0306866 91587.3
0.0306464 64620.6
0.0313158 91467.5
0.0313494 63813.3
0.0319483 91333.3
0.032053 63018.5
0.0325838 91222.5
0.0327554 62448.3
0.033222 91077.8
0.0334565 62475.5
0.0338625 90939.3
0.0341566 62293.1
0.034505 90790.8
0.0348561 62148.3
0.0351491 90653.5
0.0357945 90517.9
0.0355551 61835.8
0.0362533 61404
0.0364409 90268.4
0.037088 90110
0.0369505 60664.1
0.0377354 89930.1
0.0376461 59897.6
0.038383 89694.6
0.0383388 58988.6
0.0390303 89500
0.0390271 58043.4
0.0396773 89281.2
0.0397097 57185.2
0.0403236 89061.3
0.0403858 56528
0.040969 88825.4
0.0410551 55853.7
0.0416132 88582.3
0.0417173 55479.6
0.0422561 88380.9
0.0423723 55064.5
0.0428976 88108.4
0.0430198 54469.3
0.0435373 87882.6
0.0436597 54100.2
0.044175 87664.4
0.0442919 53795.6
0.0448103 87401.4
0.0449164 53469.5
0.0454429 87158.4
0.0455334 53285.9
0.0460723 86877.7
0.046143 53087.2
0.0466981 86589.5
0.0467457 52656.3
0.0473199 86332.1
0.0473412 51833
0.0479279 50510.3
0.0479373 86078.5
0.04855 85796
0.0485039 48669.6
0.049067 46974
0.0491576 85488
0.0496152 44691.1
0.0497599 85181.6
0.0501466 42637.5
0.0503567 84855.4
0.050661 41207.2
0.0509477 84495.3
0.0511609 40217.6
0.0515327 84155.9
0.0516512 39757.7
0.0521117 83753.1
0.0521368 40155.3
0.0526846 83384.4
0.0526206 41105.4
0.0531029 41787.9
0.0532518 82967.4
0.0535838 42833
0.0538133 82561.5
0.0540631 43583.1
0.0543692 82205.3
0.0545407 44364.1
0.0549195 81840
0.0550164 45218.3
0.0554641 81443.7
0.05549 46010.7
0.056003 81105.7
0.0559611 46839.2
0.0564297 47305.1
0.0565359 80723.4
0.0568956 47779.6
0.0570625 80390.8
0.0573586 47949.7
0.0575826 79969.5
0.0578185 47889.2
0.0580959 79663.2
0.0582752 47623.5
0.0586021 79320.7
0.0587285 47220.2
0.0591013 78970.3
0.0591783 46379.6
0.0595932 78627.3
0.0596245 45665.5
0.0600777 78223.1
0.0600668 44589.1
0.0605547 77932.2
0.0605052 43838.2
0.0610241 77541
0.0609394 43063.9
0.0614858 77149.3
0.0613695 42134.7
0.0617952 41275.5
0.0619397 76792.1
0.0622165 40650
0.0623859 76422.7
0.0626333 39626.1
0.0628242 76057.2
0.0630454 38796
0.0632548 75703.4
0.0634528 37987.2
0.0636775 75373.8
0.0638554 37224.7
0.0640924 74934.1
0.064253 36423.9
0.0644995 74504.8
0.0646457 35678.8
0.0648989 74160
0.0650333 34784.4
0.0652906 73765.1
0.0654157 34106.6
0.0656746 73399.6
0.065793 33436.5
0.066051 72981.5
0.0661649 32612.1
0.06642 72550.1
0.0665316 32304.6
0.0667815 72163
0.066893 31345.4
0.0671356 71752.4
0.0672491 30817
0.0674825 71368
0.0676 30430.4
0.0678223 70887.4
0.0679456 29784.3
0.0681549 70622.5
0.0682859 29473.1
0.0684806 70107.4
0.0686207 29120.7
0.0687994 69644.2
0.0689499 28823.4
0.0691115 69204.4
0.0692733 30056.3
0.0694169 68830.8
0.069591 37085.2
0.0697157 68368
0.0699027 50248.2
0.0700082 67967.4
0.0702086 51741.8
0.0702943 67570
0.0705088 48734.5
0.0705742 67077
0.070848 66780.8
0.0708036 47963.3
0.0711158 66241.3
0.0710932 47726.4
0.0713777 65806.4
0.0713779 47512.1
0.0716337 65347.3
0.0716577 47463.4
0.0718841 64906.3
0.0719328 47360.7
0.0721289 64480.7
0.0722033 47201.7
0.0723683 64020.7
0.072469 47097
0.0726024 63589.5
0.0727297 46997.1
0.0728313 63163.7
0.0729853 46844.9
0.0730552 62759.8
0.0732357 46660.8
0.0732741 62358.3
0.0734882 61796.7
0.0734809 46566.8
0.0736975 61486.3
0.0737206 46315.9
0.0739021 61119.9
0.073955 46096.9
0.0741019 60764.9
0.0741841 45954.4
0.0742971 60390.6
0.0744081 45838.9
0.0744876 59889.3
0.0746272 45805.6
0.0746736 59413.2
0.0748417 45844.2
0.0748551 58870.2
0.0750322 58325.3
0.0750517 45941.4
0.0752051 57716.1
0.0752573 46118.2
0.0753741 56829.5
0.0754588 46332.2
0.0755395 56163.5
0.0756563 46527.5
0.0757014 55012.2
0.0758498 46774.5
0.0758601 54272.6
0.0760158 53351.6
0.0760396 47032.7
0.0761688 51925.9
0.0762253 47199.4
0.07632 49310
0.076407 47177.9
0.0764704 47051.7
0.0765845 47101
0.0766207 44946
0.0767576 46830.9
0.0767709 42684.6
0.0769263 46448.6
0.0769206 40879.7
0.0770694 39372.6
0.0770905 46005.6
0.0772171 38127.5
0.0772501 45456.9
0.0773634 36878.3
0.0774052 44742.7
0.0775082 35847.1
0.0775556 44162.6
0.0777014 43568.3
0.0776514 34585.2
0.0777931 33605.6
0.0778425 42946.7
0.0779337 32287.6
0.0779791 42381.7
0.0780733 30382.8
0.0781114 41951.4
0.0782116 29450
0.07824 41832.5
0.0783477 28856.4
0.0783653 41859.8
0.0784807 28784.2
0.0784876 42186.1
0.0786075 42691
0.0786098 29370.2
0.078725 43270.1
0.0787346 29835.9
0.0788406 44009.6
0.0788564 29636.2
0.0789543 44947.4
0.0789769 28379.5
0.0790663 46362.7
0.0790978 25940
0.0791769 52526.9
0.0792385 22623.7
0.079286 61847.7
0.0793937 60196.5
0.0793889 18682.3
0.0795001 59925.3
0.0795254 13640.9
0.0796054 59588.8
0.079656 3615.04
0.0797178 58587.7
0.0797773 33809.5
0.0798291 56437
0.0798808 35326.8
0.079923 48984.5
0.0799601 34337.4
0.0799965 36449.7
0.0800143 34138.7
0.0800403 22671.3
0.0800445 5721.32
