752921
634998
560547
507312
468326
436309
410839
390913
372815
357926
343407
329847
318356
309013
301007
293480
286922
280725
274390
269284
265961
264175
262852
262418
263530
265599
269816
277520
291312
316276
336826
345731
348921
348175
345083
340416
335600
330599
325714
321080
316977
313739
312468
315061
303809
454756
399340
359567
331046
316468
298977
295891
286083
277954
268750
269601
260629
256233
252064
249570
249164
249911
251483
255491
259957
264940
270328
269037
267139
264534
259407
249549
240047
231808
224030
218125
209501
202541
196041
189344
183414
178273
173526
169614
165891
162854
159488
173368
159632
154018
153011
164014
151082
156105
149676
150163
182090
159058
155530
156352
159443
160368
159406
164146
161734
162128
165796
160003
162591
167215
164790
162117
156747
184902
152550
157235
154253
157060
150131
165558
150377
144235
144364
137369
140399
136665
134158
135686
137953
130673
133510
132552
132985
130103
128999
127859
128095
122828
122284
125717
120532
119534
119302
125679
131826
132717
132687
160564
169147
213756
176965
280883
234095
270282
262608
361401
377505
392555
357276
384455
398312
385636
352886
385030
448127
383752
380438
403116
439690
363000
401095
396200
417848
357891
424014
400029
394676
373243
402723
373878
371264
363735
332622
347734
325222
319019
307146
301695
320792
303797
303186
289778
272829
264560
256215
282746
264891
252119
260937
240505
250914
254034
241202
235648
235789
263161
273295
251735
246051
249506
239363
337227
410738
348809
361890
354631
330339
329655
323954
318748
330178
344357
349365
343355
348745
351699
360267
366809
404409
435313
443048
424225
461878
439644
443043
447317
437183
433153
422505
421250
411847
408855
403999
396948
398151
399830
390738
387967
385418
392854
394073
391083
386746
395919
379503
370475
383241
390389
385638
392353
385583
382091
381270
379936
375549
390522
388954
382193
403456
384839
379678
397458
412189
439404
425163
410659
394999
370065
378100
350147
457758
419533
394533
361644
377371
401206
382414
398805
445907
666206
483288
445559
666796
405343
823357
496799
509134
414199
452372
492908
357866
355811
461423
386737
312829
337438
415191
326214
345931
328889
324914
333256
286559
369987
313963
295934
262610
274803
366224
253567
268769
409527
313457
399056
302052
220076
293306
335029
281627
302485
315089
347345
255356
299124
323076
243803
379920
309167
260313
262554
264020
240911
336390
299781
269562
414611
441567
255214
191724
309214
317959
281478
278312
242533
195123
191179
269158
199962
323454
244938
216706
180811
203015
192209
195338
203349
215816
255179
223026
331349
434641
290435
317298
286439
446598
393717
322222
614041
355713
266457
309914
437557
312298
293103
372437
310368
418714
326420
349644
339899
325296
323838
372454
336286
332284
333352
310635
174437
190487
168899
125383
131247
183005
145644
166691
126318
141524
859312
228556
285301
354149
300144
340762
317705
320948
286806
249528
216345
176712
164687
146540
150377
122220
110805
110743
130125
150620
118413
115542
105253
107684
106866
101457
118007
101460
97960.9
99509.2
106413
99470.1
99905.7
96284.9
94885.1
92518.4
107239
94791.9
138661
109044
105244
101424
180435
92336.6
93085.2
99336.2
101900
194345
92593.1
89559.8
98257.6
93398.7
90477.7
90449.4
90312.7
88105.4
84851.5
97857
96877.9
92007.5
94410.3
93113.2
93044.6
90048.2
94358.8
93489.5
97139
94394.6
94361.9
94086.3
98718.5
93822.6
93349.8
90936.3
91064.3
100794
98343.7
101807
100786
99002.8
92476.9
98333.9
102610
102027
94977.2
92513.3
91243.4
91571.4
97880.8
102292
101658
95575.5
91799.1
92666.4
88259.7
90552.6
90190
96485.8
97044.7
103902
98059.3
94362.1
97031.2
107312
97114.8
93194.9
97755.9
95839.9
96908.3
100163
107575
109602
96984.2
102427
97984.8
96192.5
95659.3
93607.7
96063.4
90379.7
96573.2
95249.2
92032.2
96462.5
91274.9
96937.7
90071.9
87895.7
86174.3
82461.8
77650.3
79458
78702.8
80927.5
85122.1
81654.3
81056.3
76800.7
74158.7
72530.2
81820.4
71788.3
77661.3
67117.2
68310.1
75501
67784.2
72163.1
65124.7
67026.4
69064.4
69033.5
68978.2
70637.7
64361.9
65789.9
67947.7
78813.8
64901.7
56355.7
55438.7
66309.2
55817.8
69581.3
58509.7
66253.3
66760.4
56419
57075.5
53844.9
55017.2
56054.3
55801.4
53708
55846.5
52918.5
52194.7
54468.4
58252.9
49442.6
49652.6
49500.1
51451.4
48024.4
49925.4
48257.9
61055.8
51048.2
45439.1
47211
45428.2
44493.2
45807.8
44279.6
43482.7
44895
42856.5
42157.9
44710.4
44997.5
44323.2
44883.7
44053.8
42048.9
43108.4
42588.6
42342.8
40278
39966.9
43045.5
41774.9
43310.5
42814.1
40431.9
40869
40526.4
41109.8
39300.5
41275.4
41732
41513.4
40832.4
42364.4
40215.3
41632.4
43224.1
42043.2
40368.5
39433
39041.8
38989.8
38180
41615.2
36567
37302.7
35705.4
36545.7
42174.2
40289.4
48457.4
46235.1
41197.4
36743
40516.7
38817.7
34668
79324.6
51000
42635.1
53316.2
43082.8
58692.1
61930.4
52511.5
77297.9
118043
65613.3
65323.1
66142.8
53459.4
70034.2
70163.8
84567.1
63098.1
85469
133772
86698.9
143192
92812.2
79242.7
86165.3
57918.7
41148.7
63920.1
40250.2
34749.2
36884.8
38573.2
36722.1
36156.5
36310.8
39161.8
37302.6
40343.6
38335.4
42792.4
36947.8
35562.3
38528
35133.1
40380.2
36002.7
46579
54000.3
51926.3
48205.1
49344.6
45348.1
48112
46100.7
46258.6
47328.8
46145.3
43092.2
48797.3
46650.3
46149
48671.9
41624.6
48681.7
50970.6
43858.4
45873.8
41774.8
41289.1
49584.8
43197.3
39662.8
39616.7
49589.9
37872.2
39941.9
38453.1
31253.2
37228.9
36038.7
30331.4
31001.1
33234.7
30824
32403.6
33988.1
42966.3
34767.6
37329.4
29022
45657.2
44223.6
40568.8
41789.8
37037.7
33631.7
34956.6
31157
31576.5
173138
66778.2
56468
85047.1
110435
93279
71617
69263.8
71390.9
148201
79567.8
125236
109290
83348.6
81543.2
74033.1
73812.1
78784.8
61285.6
74946.3
65586.9
79880.4
79634
80781.6
130566
81732.7
182355
92423.4
152905
110340
103994
99183.7
77680.5
74786.8
83390.4
73950.4
76150
198699
86644.9
99202.8
113853
84047.8
62167.9
51060.1
51696.1
54776.8
53127.3
58444.3
49283.1
46479.7
57662.9
40710.8
35787.6
48360.7
49913.6
43666.9
38221.5
37896.6
53173.3
41244
40301.4
53955.1
55746.8
49547.3
61855
37819.7
39768.1
34234.2
34561.6
38493.9
39863.6
38377.2
32232.6
35860.4
41817.2
37819.3
30219.5
38059.1
45841.3
41729.3
37091.6
35438.1
39205.1
35558.7
37705.2
44368.5
37469.2
38247.5
38828.8
36944.4
39780.7
56123.7
39544.4
40714.4
39819.6
40415.9
44620.6
55392.8
44108.9
44296.9
39319.3
47953.9
50742.5
52894.5
43245.5
36180.1
41337.8
39029.4
41216.3
38153
36109.5
39522.7
40145
43028.3
50767.3
39028.4
41959.4
46140.4
48106.8
44375.8
45546.5
37870.8
40885.1
33703.2
32171.3
25164.1
27683.4
41174.8
43395.8
39093
43329.4
34131.2
33331.1
38473
47423.6
33622.1
33622.3
38947.5
41891.5
51102
44055.2
43159.9
40702.1
40135.1
38298.7
39198.2
42703.9
38568.7
34203.3
32484
30906.6
29891.1
34892.4
40238.1
46879.5
38015
36352.8
35387.8
37794.1
38818.8
36298.9
36060.5
37602
32712.2
30232.7
31221
38927.1
39035.7
40777.6
41980.2
48111.3
47535.3
42374.3
35985.3
37039.6
37258.1
42466.1
43368.7
33040.6
35882.4
38176.6
38619.4
36429.6
41513
50544.3
39362
42003
42136.8
51315.9
50400.5
49615.6
41087.8
39024
38608.9
36043.4
35868.6
35936.4
35823.7
35373.6
36053
32202.7
37757
38911.5
35116.5
39198.7
38086.5
36033.7
28567.9
22547
22435.9
21934
30251.2
39091.3
36122.6
24630.4
24194.4
27564.3
38997.7
36171.8
42716.7
37088.1
40853.7
40347.1
44736.6
42926.5
41334.8
43723.6
41491.1
44693.7
39070.3
41806.5
38184.7
43648.7
44242.7
36168.6
44981
38746
43335.2
45996
37535.4
37030.9
39800.6
39736.5
41012.1
45293.6
46595.7
42250.9
34181.4
34498.7
31247.9
29803.4
33611.7
37252.8
53491.4
44247.9
39407.3
36522
34856.5
33154.3
33359.5
35456.1
36528.6
36637
37445.6
37019.3
36619
37828.1
42544.5
38209.3
38823.2
40669.2
42407.9
44864.6
52835.4
38340.3
38781.8
36586.9
40792.5
43404.6
42761
50682
49037.4
44541
40149.8
43548.5
34061.5
38473.7
35039.9
41130.6
47974.9
35222.7
37604.1
44609.3
41079.5
41826.8
47786
42327
46492.5
36320.2
41048
34509.7
39708.4
23438.6
24719.5
30961.2
43629.6
33086.3
32924.1
24485.4
29337.4
30525.6
33541.4
39565.4
27671.9
28620.4
33993.3
35738.2
33001
27390.2
22035.7
22973.9
32567.4
33431.6
30190.7
25332.8
23872.6
32579.9
27517.1
30431.9
30718.1
33802.2
34758.5
36088.3
33288
33227.7
34325
39008
35972.1
33575.8
38685.8
40735.2
33890.4
35741.5
37918
34905
36528.8
34962
34490
35094.8
34867.5
36246.2
31650.8
35036.1
31698.7
28272.6
27666.4
25837.4
29091.3
33924.5
25360.1
29335
30014.2
26892.4
29246.5
31653.2
28832.3
34556.2
40033
35348.8
37199
38393
37093
37247.7
31704.1
32586.3
36360
36263
31970.7
34972.2
36424.1
33565.2
32137.5
36415.5
31697
34684.7
32898.1
26910.4
38992.2
28220.9
30541
33266.4
32332.2
32720.5
31830.5
35100.9
36021
33954.3
34465.5
35725.8
37833.1
37182.3
36551.9
37824
33931.8
31926
32222.6
29062.1
31619.3
32873.1
36255.8
34184.4
36232.7
32385.5
32074.1
32291.6
29811
29855.1
34240.4
31733.9
31869
29280.2
28408.8
30568.5
30226.5
31457.8
28914.4
30402.7
29636.3
30137.3
31373.8
30127.5
32922.8
28813.7
30001.7
28170.9
29440.8
25088
25265.2
24034.6
22647.8
21450.4
24939.7
23965.7
20894.8
22217.4
20148.2
19243.6
21619.5
19161.8
20048.4
21556.9
20115.5
21461
27303.5
22417
24831.2
26115.7
28626.2
26521
25246.8
24585.5
24502.1
26239.5
24112.8
23765.8
24726.7
24715.1
23883.9
24747.8
22625.3
22727.3
23998
22770.2
21897.3
23339.8
22414.6
22163.6
23354.7
22499.4
22682
23681.3
23344.7
25940.4
30134.7
28729.6
30986.5
30608.6
29367.2
28136.8
29337
28993
28564.2
28725.1
27628.8
27204.1
28255.9
28617
28747.5
31502.3
31371.7
30871.1
32705.3
29526.3
30260
30226
32285.7
28463.7
31247.9
29408.3
29939.8
33101.2
32689.5
31675.5
32780.5
34153
33164.5
32663.1
31377.4
29527.9
29604.9
28951.5
28078.8
28748.8
27349.8
29504.1
30632.8
30931.6
30604.9
27816.8
26392.8
26050.4
26452.5
24784.5
25120.9
26792.2
30293
30685.1
28707.7
28301.1
27920.5
28087.9
28575.8
28958.8
30489.2
32265.2
29288.7
27657.9
28628.3
29885.7
29612.6
31902.6
27466.2
29205.6
27016.8
27858.8
30465.5
27539.7
28232
28804.2
28221
29855
29629.2
30543.7
29960.8
31449.9
28871.2
28969.7
30534
29117.3
30615.6
30577.3
32140
31119.9
33290.4
32130.4
28808.6
30148.2
28764.6
29658
28226.7
27581.5
27235
28531.4
27753.1
27065.8
32946.9
27287.2
32700.9
28095.7
28613.4
29789.3
30411.8
27729
30135.3
34650.7
31483.1
32820.9
31217.8
30527
32721.1
31778.4
29882.9
32024.4
35512.3
32661.4
30723.7
35133.8
32152.5
33851.3
34291.2
31965.5
32444.9
33609.5
31149.3
31859.7
32446.5
33028.9
34925
32689.2
34725.8
31955.8
32089.5
31131.3
31168.1
32384.2
37350.1
35524.3
31424.2
33695.1
31590.3
34309.6
31627.7
30733.9
34374.5
29643.6
32028.7
31519
29627.7
29314.8
30700.2
28495.6
30445.3
29910.6
30113.8
32120.5
32657.1
33842.3
32100.4
34271.7
34078.5
34724.4
38506.4
33480.3
32861.1
35579.7
34111.7
32675.3
36807.9
34378.2
37005.8
35536.2
34729.6
34146.6
37784.8
33689.7
32438.1
41185.5
35506.1
35699.4
37875.7
33045.4
36632
37723.2
33403.9
34037.7
37289.8
41782
38598.4
44966.4
39317.7
34765.3
36675.2
34901.9
36668.3
37744.9
32095.5
36996.5
35409.1
36907.5
37377.6
37531.2
36101.8
37400.7
40526.1
34711.9
35404.7
39925.2
40724.8
42534
46748.6
42375.9
43853.3
35705.8
38427.3
41381.7
43252.7
39266.9
32429.5
40378.5
37812.4
35967.1
38952.5
43607.6
37156.1
33091.2
35783.7
45021.9
40905.8
38626.2
39571.2
43282.9
36997.7
43520.3
40576
41447
40664.9
39308.9
40345.6
41958.2
41364.9
39693.6
39263.2
44120
39182.6
41564.8
42552.9
49158.1
38576.3
35951.5
42154
35804.6
35175.4
45142.2
44319.8
38155.8
39520.9
35341.3
40205.9
37103
36332.8
32990.7
36315.8
38772.8
38297.8
32262.9
34679.4
40004.9
38252.4
33075.5
34142.1
38151.4
40421.9
34716.6
38285.4
38659.6
34611.9
35280.1
34935.3
35855.3
34023.2
34992.3
35980.8
40270.5
44273.3
35105.4
38840.8
39176.1
41271.7
39273
35235.7
35126.4
51120
32855.2
38671
36127.4
40771.9
37565
51372.2
38038
36233.2
37866.5
35256.8
38908.6
38148.5
36116
40524.3
36383
36099.4
38918.1
37841.5
37563.4
35693.9
33643.8
36433.9
35752.8
32565
35036.2
37024.3
38101.5
34323.5
40385.7
38039.8
36319.1
38911
38569.1
36185.6
35794
34677.2
34325
37243.8
39778.3
32299.4
37649.5
29823.6
33679.1
33397.7
33541.5
32961.9
34052.7
34199.2
34856
40805.2
32852
34711.8
33779.9
37655.7
33972.5
36883.1
34972.5
33893.7
33213.1
38270
36035.8
33979.7
32366.8
35579.8
36751.1
39266.9
33679.2
34362.1
33025.3
36124.6
34098.5
35674.7
35939.6
38794.8
37761.6
39376.2
40596.4
36543.7
34781.5
36569.9
39081.5
36857.2
39316.2
36294.7
36573.5
39193.8
34910.9
36619.7
35761.8
32795
33149.1
32913
30768.8
31155.6
30595.8
28869.9
29185.7
30182.8
29520.9
30632.9
32585.7
29131.1
30159.3
30161.6
29394.8
28725.1
30214.2
28155.7
28058.1
30235.6
28718.4
28679.8
29170.1
27852.1
27809.7
28094.7
27703.8
26681.2
29149.8
27301.4
28263.3
28281.6
27167.9
27191.8
27357.8
27098
29588.4
28793.7
31961.4
28793.1
31532.8
30889.5
26006.5
28477.1
29934.2
29095.4
29242.8
28684.9
32287.8
30308
30988.7
27919.8
28486.6
27916.9
28314
31554.8
31493.4
34798.5
35496.8
32467.8
33462.6
36577.5
33469.4
34999.2
36896.2
34950.8
32537.2
36304.2
37565.2
48169.4
35146
33596.1
33549.5
39154.6
36845.4
34503.9
40914.2
42426.9
34160.9
36443.8
38941.8
39576.1
41409.2
35591.8
45218.4
36324
35262.2
36983.1
40673.3
38516.1
33373.6
36403.6
42577.2
36877.3
35942.9
38134.2
34471.6
37881
38017
35446.3
35393.9
37849.2
38088.2
36967.8
37165
36012.5
36036.5
34183
33827
35363.4
37489.4
41637.2
39035
34428.6
35029.3
33541.5
37130.5
35257.3
35784.9
35591.2
38268
37869.5
35838.1
39433
37769.1
37951.3
34391.7
35590.6
33196.7
34463.3
36364.2
33769
37183.6
35055.2
33976.2
33367.5
35715.5
32666.3
33491.6
35727.6
34508.7
34784.9
35438.9
32202.6
31809.5
31049.9
35019
35766.2
30592.6
30400.6
30749.9
31382.9
29671.7
39222
34206.8
36792.8
31855.4
35077.3
42041.9
39506.3
36021.7
34679.6
43526.5
40699.9
38708.5
35298
36151.2
37949.8
35252.1
36879.7
38267.1
35246.3
35324.6
34320.5
40208.8
42034.8
37032.3
40075.5
39609.4
44029.7
34633.7
38579
37107.8
36467.7
35493.9
42552.2
37049.2
44372.7
44703.9
38518.8
35105.3
44829
36608.1
41343.9
32321.9
54873.6
39889.7
39339.9
51874.1
46700.3
37844.9
40833.1
33033.4
42995.4
44605.8
37779
35280.4
35946.6
36767.1
37296.4
35910.2
39728.5
40339.3
35512
46717.7
37127.4
40491.2
40479.7
40056.2
43431.7
42772.4
45410.3
45933.2
42194.8
42937.2
38052.6
35421
40358.3
48479.9
39553.3
38208
36078.3
41667.6
34618.3
34942.1
39648.7
39982.7
36943.9
33648.9
32923.4
36804.5
35245.6
33674.2
39018.3
38596.9
36953.3
37068.6
35303.5
41475.2
38451.8
35068.7
41418.5
40873.4
38857.9
39735.9
36963
36582
35807.2
43508.2
34984
33082.9
43160.3
36856.4
35013
36064.3
40075.8
35104.4
35732
38255.5
31693.6
34248.7
36385.5
35460.4
36769.1
34583.7
40231.6
36387.6
34458.6
36284
33955.5
36740.4
34089.8
36298.1
36802.4
39309.6
37120
35549.4
37962
37927.7
38722.3
39195.5
33535.7
35754.8
35571
35102.2
35034.1
32956.1
34982.7
38828.1
32422.3
31634.8
35149.5
33958.8
33985.1
36722.8
31705.3
36566.8
33161.8
37524.5
33127.4
32810.3
32493.5
31915.1
33458.6
31928.1
32989.1
34390.3
31430.1
31977.9
30660
33095.7
30715.2
30556.7
32750.2
28784.8
31289
30286.6
29818.7
29112.6
29959.2
29099.6
29261.8
29554.4
29278.6
30318.1
31346.5
30904
31764.1
30315.5
30770.6
31448.8
29225.9
31049.1
31364.6
30087.3
34819.7
34990.8
29811.1
30301.6
32802.1
31602.1
31031.2
33335
35157.3
32598.2
33727
32713.9
31374.6
30591
30147.7
31936.4
35476.8
33062.8
34561.9
33973
32904.3
31053.2
34288.9
32087.2
34240
35186
35418.3
33946.9
32406.2
39140.3
35303.5
34038.5
31833.9
37822.8
34227.8
35310.9
34383.2
36409.5
38476.4
33078.5
36470.6
32224.5
36735.7
36164.7
32929.9
39053.6
31488.7
33560.9
35346.3
33957.5
34257.5
34826.9
33798.5
35899
35289.2
35193.6
35655.5
34043
38541.7
38606.6
32866
34409.2
34347.3
35253.4
34550.5
35162.2
34085.7
34366.8
34864
36463.6
37357
37070.9
32414.3
40109
34357.6
32948.3
35257.4
35689.6
32985.7
34451.6
35669.7
35624.6
36863.3
33829.6
33771
33005
33690.7
32446.6
34536
37293.9
33797.8
37047.6
32658.3
34364.4
31981.5
33070
34250.8
36286.8
30309
33283.6
35991.4
32135.9
30469.5
32989
29595.5
34983.7
31663.1
30279.7
31142.6
31002
28320.8
35306.5
32737.7
30762.6
29339.6
28011.9
27128
28922
32281.1
26613.3
33332.6
32717.8
28098.1
29820.5
28731.5
26989.1
25153.8
30320
28105
25827.8
25352.8
25123.3
23511.4
24594.7
22861.8
20917.5
23635.6
22122
19829.7
21887
23759.8
22500.9
21923.6
25389.7
19728.1
21649.4
23363.8
21420.7
22279.5
26170.6
23421
23663.9
22189.1
23360
24592.3
23878.7
25569.8
22577.2
21374.8
24043.1
23373.3
22331.4
21058.8
23802.1
20741.6
21422.3
23574.8
22645.3
22251.7
26048.7
25151.1
24962.7
26688
20537.7
23935.5
23085.9
26273.1
22713.5
24184.1
21422.6
21553.5
24187
22082.6
23918.1
23596.4
21019.6
19760.9
22725
19529.7
19177.1
21701.7
19197.8
22164.2
21065.6
18728.9
19036.1
23880.3
23461.6
25531.8
24843.2
29278.3
25142.4
19357.9
21506.4
20867.8
28770.9
20714.7
21492.7
21641
17718.3
21541.9
26706.5
32989
28607.8
24270.7
24700.2
24925.8
26071.8
24384.5
21788.5
25901.4
25845.1
27927.3
24267.7
25201.6
26882.4
26264.9
20938.7
22525.3
27095.4
28336.2
24481.6
28271.8
23237.3
26752.1
26124.2
27695.6
25277.1
27875.5
23983.5
22828.2
29018.2
30237.2
30972.6
26576.5
27491.1
24639.9
26825.3
25271.9
29388.9
29558.5
23943.5
30964
26910.4
27309.9
29129.9
29992.9
30063.1
30053.7
33653.2
32357.6
34274
35397.6
30187.8
33697.8
34157.9
32171.1
30685.6
33082.7
31872.5
29469.9
33103.5
31174.3
32151.8
33833.7
30717.6
31471.6
31987.8
30991.8
32023.7
29450.9
25582.3
25776.6
27254.2
26773.4
25055.8
25618.6
25262.5
24135.5
28742.7
23584.4
23763.3
25846.2
22648.7
23082.7
26745.2
25312.2
24515.9
26412.5
21327.6
22768.8
27264.9
22097.3
25554.5
26848.3
28332.1
22587.2
25456.9
22402
24220.2
25206.7
24586.7
22811.9
24333.9
26779.5
23224.7
27251.6
27796.8
26046.3
28313.8
28917.8
23680.7
24278.4
24719.2
25650.7
25223.7
24204.7
22283.3
24032.6
23323.7
24315
22966.4
24722
23005
25336.7
24136.2
24137.7
26789.5
24993.1
24602.7
29423.4
24780
25954.4
25965.4
25864
30353.6
32013
35931.4
35162.2
33816.6
34285.7
31740.5
33951.8
30636
31488.4
30355.5
32481.4
32337.3
34022.8
34406.3
34201.3
36127.1
35520.5
36154.1
35168.2
34501.6
38487.5
37626.8
32984.6
35338.2
36519.7
34785.7
35355.6
32603.5
36575.8
36477
34017.3
34860.5
37629.3
35088.3
38236.3
39137.8
35597.3
36253.8
37907.6
35707.1
37030.5
37388.7
33946.7
34840.4
38776.6
35681.4
36743.4
37278.3
35401.5
38072.7
39315.7
34961.3
36067.6
37382.7
33730.6
35214.4
37574.2
33074.1
39918.6
40319.3
37746.9
40202.8
42562.4
38176.1
41356.5
45107
35880.9
37348.9
38181.9
36195.1
36241.9
34875.3
34862
37075.8
38883.3
38393.5
34942.7
37645.2
32572.4
36604.5
35773.8
34991.1
39434.9
37549.9
38835.4
34679.7
39638.8
40447.7
37019.8
42397.9
39706
32876.5
36573.7
38042.6
40458.9
35195.6
44553.2
37491.1
33809.7
36415
37156.5
38616.3
37970.7
40996.5
40419
37849.2
34193.2
34042.5
38211.5
34058
36506.5
39339.3
32408.5
37939
37257.5
32111.9
35153.3
39460
31504.9
37858.9
33993.2
21544.7
19331.4
22765.6
38039.6
27429.4
26357.6
21072.3
23700.8
37041.2
33845.9
25180.6
26137.4
28757.3
39953.2
32105.7
24721.6
24162.9
27225.5
26602.7
29556.2
39966.6
43741.6
24760.3
22631.1
25796.1
20481.4
25112.9
32573.4
31613.1
39365.5
47069.2
31559.8
40297.4
48434.6
33660.8
35474.6
39424.3
41246.3
49466.3
48160.3
38722.5
41117.7
41504.3
64776.2
43218.3
37948.6
32921.9
36764.5
44608.6
35438.7
32028.4
42358.7
34064
38735.4
38144.5
30764.1
32239.1
38176.9
31020.9
31102.9
38159
35701.6
29161.1
31976.4
34934.4
41834.3
46351.6
49220
40869.9
37357.4
41694
42113.6
39978.8
42096.2
38056.8
41677.1
41165.8
34843.9
33845.4
39403.8
36990.3
33852.3
35159.3
40336.5
32074.6
32985.7
30743.9
31742.3
31724.2
35393.2
32626
40306.1
42541
29039.8
29182.6
32868.7
46805.3
29359.8
34602.8
35928.5
38351.6
36860.6
29561.2
30752.1
42907.7
34676.9
32418.2
31402
27431
37409.3
24417.7
23816.6
26037.6
22014.7
28659.7
24141.7
33071.4
23728.9
23659.4
26093.9
31323
24876.4
23994.9
21673
27663.5
26362.1
27064.5
28756.3
32296.5
32875.3
30832.2
36258.2
37670.4
38443.6
39358.8
36699.2
31041.5
30853.4
28313.5
28904.8
27736.7
28156.8
25875.8
24615.7
23654.4
22556.8
26706.2
24601.3
29085.1
35472
34669
29834.3
27092.5
31001.7
26055.5
46259.4
29441.6
24152.5
25590.7
31675.8
41552.6
37277.3
28086.8
36297.7
40097.3
38379.3
35139.4
34467.2
49362.4
32734.9
33733.5
30763.1
31601.1
51789.7
34545
33849.6
37348.8
35012.6
49079.3
33833.9
32668
34839.1
51768.4
34298.5
33354
33757.1
36949.3
43541.6
44596.2
38732.8
34893.6
39942.3
32187.4
35277.2
42161
33114.2
32821.2
33896.6
32190
32983.8
40041.2
47621.9
34215.8
35591.3
36523.8
39076.5
41928
37984.9
36100.4
33152.2
33380.9
38802.4
37442.3
33638.2
52003.1
33973.8
44341.8
43925.2
37769.3
44704.8
36776.8
35978.5
30630.8
36053.9
40304.5
39502.4
38181
32926.4
48937.7
33965.3
56129.9
36197.8
46762
34285
42900.1
37815
52176.6
29677.1
50553.2
35246.1
33392.4
35499.2
33835.1
50714.4
34113.7
39582.2
46792.5
37526.2
42619.3
47621.5
35607.4
38841.1
35747.4
30467.7
51321.1
37831.8
32872.7
51739.9
34852
33704.1
50312.9
36947.9
30909
44631.4
32641.8
27745.3
37171.1
52270.5
41398.8
37766.2
43643.5
51015.2
33710.6
29827.5
34815.9
36335
46166.6
44258.9
35728
41219.7
34153.9
34804.2
34544.8
37860.5
43490.6
40988.4
39143.7
45465.7
52159.3
37502.6
37877.8
35518.7
39055.1
34275.6
41304.1
45130
39574
45165.4
36527.8
39699.5
33531.1
40192.7
42620.9
30285.3
36549.6
33032.3
40197.8
47370.9
35916.2
38709.3
33186.2
40312
36065.2
38486.7
42806.4
29877.1
41019.3
29521.4
30651.1
33610.9
33258.4
24233.3
34845.2
42743.1
36164.6
47955.8
41252.8
29192.7
29858.8
29601.7
32673
35690.5
39335.9
42405.4
27489.7
28946.8
26792.2
28867.3
39398.9
35931.9
30556.4
29980.1
24635.3
25000.3
27765.7
37253.1
22324.1
24925
24594.7
32031.1
38617.3
21792.6
24767.7
25162.4
37858.7
29135.5
38375.8
36902.8
36474.6
34873.5
36357.4
38830.6
33240.5
38728.6
39361
38759.4
40830.4
39439.1
33684.5
38418.8
39029.1
33211
40810.5
39568.7
39359.5
38485.1
37623.8
34944.9
35032.7
36873.2
37136.4
37739.5
40290.8
37600.6
37432
36624.3
37398.5
34596.6
38255.5
38833.1
37206.3
38858.8
39783.1
39306.8
37721.2
36878.9
40870.4
39542.3
34533.4
38222.2
40127
36862.8
42210.6
41759.1
39718.4
39296.5
34297.9
37173.1
34586
37839.1
36270.3
33842.6
35961.6
34316.8
31713.8
33156.4
36155.7
33080.2
32276.6
33949.2
34038.5
29553.3
28420.4
29418.1
27627.7
31099.5
29482.2
29659.7
26584
30699.2
26039.8
30012.2
28202.1
27073.3
29891.8
26689.2
25615.3
28350.9
28896.9
27647.9
31692.6
27097.7
24184.2
26989.5
25069.5
24818.2
29404.1
22441.8
30791
31371.7
27154.4
27052.1
30226.8
24685
30966.8
27770.6
36714.5
28960
29728
24409.1
24297
25977.9
27806
30198.2
31955.2
22013
24398.7
25476.4
28925.6
24443
24272.4
24839.5
24040.6
27121.3
21315.2
22849.1
22001.5
24475.9
23577.3
26233.6
20991.8
22835
22063.1
19912.3
18860.8
22146.3
17572.8
21511.2
22994
25453.7
24344
23092.2
17379.7
17362.5
18193.8
17608.7
16975.2
17685.7
17584.5
19431.1
20414.6
18105.9
19804.2
20657.9
19332.8
18850.9
19860.1
17850.5
17987.6
19633.7
17493.9
18013.8
21417.8
21193.2
19495.9
21793.6
18763.7
17431.4
17920.9
18445.1
17409.3
18420.3
15409.2
17293.2
17797.7
18279.7
17774
22056.2
32761.4
21880
20495.6
34337.7
24043.9
22487
20681.9
29131.7
21148.7
43166.8
25842
25270.5
36058.3
20767.2
25996.4
23437.8
24569.3
23907.2
25163.9
28989.3
25472
29670.6
22503.6
27470.1
37019.4
25019.8
28527.1
24886.9
23636.7
28570.5
30112
31280
49302.5
32032.7
31071.9
33955.3
34260
38172.6
36759.6
42300.1
33241.1
36911.7
36316.8
44326.7
36711.7
38662.8
31616.6
34227.6
31222.7
33445.9
62291.8
33971.2
29829.1
41128.8
34049.5
33470.7
34117.7
30088
36288.9
35801.5
39153.6
34043.3
36263.1
38257.7
34849.6
35546.5
33150.7
35934.9
35380.2
34861.4
36996.3
35349.8
33294.8
31943.6
33963.4
30875
35168.2
33437.3
35072
37484.1
34871.5
35454.9
36003.2
33758.9
34026.3
35685.2
37594.2
36087.4
33850.1
37039.8
37796.6
35525
35488.8
33631.7
35899.7
38207.5
34541.3
35372.2
35625.4
33408.2
34435.4
33338.6
34498.4
34042.8
32144
35183.4
35101.7
34911.2
35704.2
38554.4
39551.7
36675.1
42331.7
35230.6
35231
34519.4
39806.4
37199.7
36837.8
38825.3
37096.1
36926.7
41427.9
36575.3
34558
38260.5
37382.3
42516.3
36061.6
31250.6
31706.7
32279.3
30529.9
31396.5
31802
31890.2
36290
32397.1
32142.4
32531.6
31168.9
28266.6
30182.9
31081.8
30872.4
31432.3
31435.7
28408.8
32445.4
30775.2
30541.8
28780.7
34039.6
31154.3
33287.3
33003.3
29159.3
32234.1
27975.2
30243.8
29675.8
29953.2
31505.5
30841.1
30442.5
30683.7
30077.7
32005.7
29234.8
31244.9
30201
30189.9
32016.6
30926.6
32999.7
33044.4
31649.4
33875.5
33054.1
33681.9
34233.8
35505.6
34644.4
36155
38570.5
37520.1
34933.3
34935
38873.8
36160.5
37692.3
36119.5
38413.3
35717.8
36867.7
37483.4
38999.7
41022.4
34637.3
37766.9
36008.3
36555.7
35160.2
39567
39093.8
36687
39689.1
35862.9
38442.9
36422.8
40957.8
34928.8
40795.1
37502.6
35243.2
36570.3
36460.1
35485.5
38904.9
41820.7
42584.5
38620.9
39678.9
37079.4
39628.5
37009.9
35109.2
38797.3
36951
36759.5
36769.5
36077.9
33110.2
37112.2
36409.4
35664
33890.1
37126.4
35490.7
34690.4
36338.2
30880.2
35087.4
33200.3
35232
35696
29394.9
31974.1
32325.4
31366.9
31207.6
30968.7
28491.3
30705
32707.6
31349.7
31831.9
35106.4
31526.9
34547.2
34820.5
34818.3
29629.5
33836.7
32561.3
37826.4
31337.3
28413.8
30493.6
30872
29893.3
32998.7
31994.4
30468.3
30142.5
33585.2
33073.4
34834.1
35452.4
34503.6
31237
33456
33137.1
32410.6
36738.2
33856
33918.7
35322.2
31318.1
32932.6
36160.4
33217
32096.1
34954.7
31367.6
28799.6
33393.4
30252.1
30742.8
30052.9
34251.2
32344.3
36867.2
37542.6
36434.9
34611.3
35305
33600
35457.5
38031
35518.5
40635.3
39887.4
36983.8
41732.5
40012.9
42934.2
34087.5
47084.1
34228.3
36626.3
32791.7
32708
38407.9
30776.8
34596.5
38025.3
31362.6
32804.5
34456.4
34606.3
31307.6
37700.1
31603.6
32583.9
37790
34099.9
33867.7
40749.6
33727.7
36135.2
36007.3
33690
32145.2
35751.9
35281
31592
36661.8
33934.9
37497.5
41086.8
38183.4
36907.1
44322.5
41296.3
46258.6
47463.9
33552.1
32750
34720.2
38628.1
32660.5
44120.5
40441.6
34306.8
37747.6
35586.9
34452.8
35554
35988.4
32900.7
46065.2
48299.2
55413.5
40452.4
42432.4
38874.7
39758.4
37937.1
39248.9
46429.9
43719.4
40941.4
46467.2
42223.8
37107.4
39315.6
46417.5
41937.1
47469.4
44637.2
35281.7
37514.8
44362.8
41113.3
41212.9
36014
45394.1
48504.2
45815.2
40433.1
40996.9
45470.8
44434.6
38079.1
42805.3
45313.4
49216
43930
38164.9
47452.6
46707.7
43925
39177.2
37584.1
46738.4
45262.4
47197.4
40360.9
42622.2
43169.8
43847
40780.1
53932
52304
44426.8
38740.3
49956.4
57885.6
48531.2
44058.7
50993.9
55023.5
46545.8
49052.6
48539.6
48772.9
49036.1
42991.6
49541.5
49478.2
56730.6
46066.4
48253.6
53600.6
53778.6
52957.1
50260
43185.3
55494.6
48338.3
52185.2
57383.8
59843.7
56168.6
56314.5
60413.4
58066.8
51792.6
46434.7
41716
46261.5
54979.4
48581.5
45210
47205.2
58601.1
45184
42626.7
51499
38056
38795.4
40988
43211
43689.4
41669.4
32931.2
37617.8
41976.4
57491.5
45086.9
50188.1
45521.6
42925.5
44500.6
39534.1
38653.4
38137.6
36843
32587
34595.1
33094.5
37784.7
34741.4
32221.9
34340.7
37923.1
41578.5
36623.3
42370.9
42773.9
46582.8
44602.3
40779.9
42044.5
39287.5
39104.7
38780.2
37387.3
45169.4
36690.5
33054.5
38098.3
34912
34571.3
36277.4
42011.4
39822.1
39409.3
41583.3
43892.4
44924.1
36153.7
39080.5
38619.1
38993.2
45671.5
49804.1
39598.3
35671.9
40140.8
40232.2
43958.5
36832.5
39262.3
39332.1
42778.1
40461.2
37624.9
40363.2
35766.5
39982.4
44055.1
40031.4
39170.1
44547.1
39566.3
38124.4
43437.4
34936.8
36416.3
43545.9
37325.2
38876
40870.8
34020.7
37930.6
41116
37856.5
41562.2
40937
37184.5
39311.7
40899.9
39422.4
38957
37437.6
41321.7
38905
37574.7
37252.1
33990.6
40087.5
38650.2
33824.2
34946.4
37351.5
36749.4
42099
38442.9
39759.7
37854.5
40644
50015.1
37979
41937.4
34954.5
36434.1
36108.1
38520.9
39528
34521.6
37706.2
38500.5
70473
37925.4
38872.3
35106.4
33784.1
53041.1
47843.2
49693.4
38887.3
39154.3
35273.6
39140.5
33634.7
34910.3
44310.9
34143.9
36698.9
45380.2
37883.7
32686.2
34236.8
33932.7
31343.1
38006.6
39699
37066.3
40183.7
40938.8
36981.6
38135.6
37978.6
39669.7
43263.2
35348.8
37340
43370.5
46446.6
38915.7
46173
42615.7
46452.2
45952.9
34190.5
38623.8
38832.1
31981.4
35294.8
39668.5
42505
38448.9
43174.2
39781.2
35660.8
42090.6
43349.7
33215.3
38597
37124.8
43035.6
36744.2
44535
40454.5
41215.6
34191.4
34623.3
39608.3
38044.4
36974.8
42610.1
39973.1
34148.1
37856.5
40623.4
50532.7
42726.5
48969.9
61176.8
46901.6
56373.9
43264.7
54366.7
35865
40870.9
47872.1
43646.5
44731.4
52348.2
53986.1
46252.4
44049.4
46809.9
38197
45029.5
42834.7
49407.1
39496.6
38375.2
42973.5
47418.4
41744.4
49567.5
51715.2
48922.1
47532.4
55520.5
54565.1
54922.5
49586.2
45415.9
49636.7
51204
47076.8
44741.2
53847.9
52697.9
49659.5
49992.2
52502.7
61218
63960.7
59063.7
56973.9
63761.5
61192.1
52058.7
63204.4
50034.6
56590.3
54943.6
52415.9
51207.7
50653.2
44747
57521.4
42557.7
48246
63939.1
49541.7
55534.4
48808
43970.1
46574.6
46000.9
39487
44941.9
42379.8
39094.6
38878.4
36076.3
41025.5
41585.2
41888.8
50733.5
47773.3
37519
54276.4
34052.9
46498.1
41894
34187.8
43632.9
44308.5
46369.3
43580.9
53344.6
40656.1
36683.1
51013.2
53698.5
39508.7
35430.2
42589.7
47856.1
44298.1
40031.9
42047.1
52548
55144.5
43228.9
48685.1
42410.8
44815.3
46790.2
39765.6
44131.5
46382.3
40078.7
43318.1
50843.8
35704.9
50417.9
47328.1
41484.2
48264.2
44407.7
38761.3
44791
39269
42263
45856
46269.6
38204.1
48727.2
50776.4
42968.3
54403
51911.2
45780.5
49093
56359.3
47912.9
61865.7
52407
51460.3
58974.1
56098.7
51729.1
54015.8
48188.4
55704.9
49817.1
58495.9
58230.4
60914.7
53392.9
51275.9
53710.4
52830.8
49696
66055.3
63090.5
56975
50619.5
54290.4
64210.9
68379.2
65985.2
63715.3
62915.6
60846.8
58661.9
66523.7
64030.5
57593.9
54662.7
56782.4
53323.4
60388.5
61220.3
63053.6
59560.8
70006.1
64371
71731.9
59897.3
64736.6
50411.4
66243.5
70128.3
65259
65964.4
57335.3
74774.3
60357.3
51776
55696
52653.9
55794.6
49724.4
49392
51997.1
61398.9
57371.7
58510
60206.5
50509.6
59091.8
52802.4
64825.9
52408.8
58468.3
59830.6
56922.1
57748.2
61395.4
66478.5
71583.8
60939.6
49762.7
46540.7
61850.1
51055.6
58884.6
48949.7
38852.3
58299.8
61207.1
49271.9
51029.3
45498.2
39462.2
48251.9
56785.4
39317.9
39949.9
52236.1
44012.1
39897.4
46277.6
52095.6
42726.8
43235.2
45853.5
45380.9
48226.2
38228.7
35336.5
46618.4
46250.9
49488.5
39763.6
39151.7
41115
49271.2
53637.9
40751.4
40316
40101.9
51046
56683.2
51191.5
52137.7
45650.6
55634.1
61137.8
56044.1
55925.3
46723.5
56129.3
47158.7
60749.4
50492.5
61718.7
53719.8
55379.5
49081.4
54553.4
54620.7
54865.6
66775.6
55926.7
55600.7
50855.4
50770.4
46270.2
52464.4
58154.8
63509.9
60596.7
63132.3
62114.6
59472.7
48532.8
64703.8
56508.7
63608.8
59808.8
55160.8
63382.8
53169
51476.7
55521.2
57010.6
51687.6
51511.4
58539.7
52325
51650.3
50621.9
51869.4
63056.6
63327.9
63555.2
59419.2
62023.9
54906
59701.1
53750.1
53699.7
56204.1
47814.9
44917.4
42088.3
46258.4
56693.6
50820.1
53337.5
51214.3
56468.1
57124.1
50172.5
62002.9
52155.3
58963.8
46818.6
52197.3
44149.1
49028
52975.8
58534.3
56823.9
55447.4
51165.4
61081
54013.9
51806.9
59208.2
48600.5
54108.3
54574.2
59417.7
56555.5
55081
63343.4
51338.3
54337.7
60149.2
55497.1
57649
54674.5
50940
64746.9
64585.8
47332.8
53743.7
56648.5
54190.2
70320.3
55849.1
58571.1
62134.1
52367.1
9095.04
6748.47
6052.18
5585.24
5247.87
5078.57
4984.62
5043.84
5117.94
5050.87
4962.03
4943.41
4956.87
4941.66
4882.47
4793.25
4686.94
4571.98
4461.48
4368.03
4294.1
4239.52
4202.09
4177.55
4161.73
4148.97
4136.01
4122.91
4111.18
4102.01
4097.05
4095.79
4096.47
4096.58
4093.04
4082.4
4063.84
4037.61
4006.67
3973.43
3939.58
3906.92
3878.28
3857.26
3846.78
3848.39
3861.26
3883.16
3909.87
3937.31
3960.75
3977.28
3985.82
3985.13
3975.37
3957.68
3932.43
3897.46
3857.71
3816.51
3771.93
3724.51
3675.43
3625.39
3576.53
3531.26
3491.27
3458.18
3433.03
3415.24
3405.8
3403.89
3407.53
3412.97
3416.94
3416.84
3409.22
3391.86
3364.01
3325.74
3277.51
3222.47
3162.57
3100.78
3039.98
2982.62
2930.37
2882.86
2841.5
2807.33
2781.11
2764.35
2758.29
2764.29
2782.52
2811.12
2847.08
2886.07
2922.74
2949.44
2965.14
2967.67
2955.02
2926.57
2883.55
2828.36
2764.08
2694.25
2622.57
2552.58
2487.37
2429.37
2380.46
2340.39
2308.9
2285.09
2267.18
2252.87
2239.78
2225.98
2209.77
2189.71
2164.63
2133.53
2095.65
2050.65
1998.75
1940.9
1878.87
1815.23
1753.06
1695.88
1646.87
1608.67
1582.78
1569.5
1567.83
1575.67
1590.18
1608.18
1626.31
1641.71
1651.88
1654.83
1649.3
1634.7
1611.17
1579.53
1541.25
1498.36
1453.35
1409.03
1368.4
1334.38
1309.56
1295.87
1294.2
1304.23
1324.46
1352.4
1384.98
1418.94
1451.19
1479.03
1500.36
1513.73
1518.31
1513.92
1500.94
1480.31
1453.49
1422.28
1388.9
1355.84
1325.64
1300.64
1282.77
1273.31
1272.67
1280.26
1295.19
1315.42
1338.6
1362.54
1385.17
1404.56
1419.11
1427.64
1429.33
1423.87
1411.42
1392.65
1368.73
1341.32
1312.46
1284.45
1259.7
1240.47
1228.58
1225.17
1230.51
1243.97
1264.11
1288.93
1316.1
1343.3
1368.33
1389.36
1404.95
1414.16
1416.51
1412.04
1401.42
1386.52
1367.18
1345.05
1322.13
1300.43
1281.89
1268.16
1260.47
1259.52
1265.33
1277.29
1294.26
1314.7
1336.91
1359.17
1379.91
1397.84
1411.97
1421.7
1426.84
1427.5
1424.29
1418.06
1409.94
1401.25
1393.39
1387.74
1385.59
1387.8
1394.92
1407.08
1423.97
1445.42
1469.59
1495.47
1521.79
1547.42
1571.26
1592.42
1610.25
1624.37
1634.66
1641.33
1644.84
1645.9
1645.38
1644.33
1643.85
1645
1649.18
1657.11
1668.06
1682.64
1700.53
1721.85
1745.57
1770.69
1796.16
1820.79
1843.57
1863.83
1880.98
1894.74
1905.07
1912.21
1916.63
1918.9
1919.77
1920.34
1921.47
1924.06
1929.35
1936.91
1947.24
1960.21
1975.98
1994.13
2013.98
2034.82
2055.95
2076.54
2096.04
2113.93
2129.84
2143.6
2155.11
2164.52
2172.15
2176.78
2182.77
2188.89
2195.21
2202.92
2214.16
2225.61
2238.26
2252.14
2267.25
2283.5
2301.08
2318.47
2335.46
2351.92
2367.86
2382.28
2394.88
2405.62
2414.55
2421.23
2426.54
2431.85
2437.1
2442.43
2448.11
2454.53
2462.07
2470.95
2481.06
2492.51
2503.68
2515.38
2528.85
2543.09
2557.55
2571.43
2584.63
2598.45
2610.75
2619.9
2627.43
2635.03
2642.32
2648.38
2653.54
2658.37
2664.13
2670.36
2676.93
2684.13
2692.12
2700.61
2709.87
2719.64
2729.69
2739.73
2749.48
2758.75
2767.07
2774.65
2780.95
2796.48
2791.35
2796.03
2799.29
2801.23
2820.62
2806.86
2812.11
2816.63
2819.87
2843.77
2833.44
2844.94
2854.93
2862.24
2895.82
2885.01
2899.78
2910.59
2916.91
2947.52
10564.4
2947.78
2956.11
3008.07
2982.78
3017.42
3044.31
3049.26
3028.24
3011.73
3038.02
3061.35
3069.13
3061.58
10332.2
3081.83
3104.91
3115.64
3114.9
3173.63
3135.99
3158.3
3168.76
3165.27
3226.31
3183.79
3213.67
3213.87
3211.45
3276.3
3239.28
3290.68
10136
3214.79
3254.05
3246.06
3230.33
3243.93
3208.62
3263.34
3237.84
3232.35
3265.75
10377.6
3276.16
3252.26
3280.42
3336
3297.63
3296.84
3269.61
3281.4
3301.15
3330.72
3361.25
3298.65
10664.1
3334.05
3334.06
13069.5
3355.68
3416.3
3423.42
3412.44
3412.66
3425.68
3387.03
3447.87
3415.83
3454.27
9788.01
3416.8
3408.49
3407.93
3432.89
3500.5
3449.7
3487.02
3487.14
3438.93
3555.92
3520.92
3490.87
11016.9
9212.07
3575.36
3521.47
3568.99
13248.1
3571.8
3591.02
3649.41
3592.58
3605.52
3598.59
3646.91
8774.63
3678.88
3645.04
3695.92
8630.75
3672.45
13435.7
3676.72
3706.88
3749.93
3718.55
3777.08
8373.11
8361.61
3785.28
3822.7
3838.16
3768.13
3735.71
3772.28
3734.83
3680.81
3768.69
8332.12
3697.66
3695.84
8410.78
3668.92
8404.54
8461.45
8435.88
13583.2
8474.77
14099.8
8546.92
3596.59
8582.09
3587.21
3628.25
8613.32
3557.02
11474.3
3590.4
3633.21
8747.81
3600.9
3552.23
3586.99
3644.97
3571.22
8830.31
3642.84
8847.62
3526.14
3569.75
3612.54
3550.52
3616.39
13642.1
10865.6
3583.1
3535.18
3503.81
9211.75
3531.82
3498
3510.83
3491.17
3538.6
3537.08
3469.86
9093.72
16985.6
10742.9
3456.07
3454.01
3493.83
10792.6
3510.16
3427.13
3540
3531.59
3529.83
3535.71
3454.08
3489.75
3544.59
3514.71
3470.09
7670.06
3536.36
3498.48
9312.38
3408.58
3337.32
3331.72
9304.04
3303.61
9259.73
10847.1
3201.37
7464.47
3156.78
3111.99
7447.97
7468.6
10604.7
3059.46
7492.7
2962.77
2998.65
2923.22
2930.13
2917.9
2876.23
7473.17
2882.38
7484.23
2803.11
2825.73
7449.64
2770.68
2778.66
2724.98
2756.54
2701.23
2700.62
11034.2
11032.2
9208.07
2642.11
2635.42
2591.14
2596.46
2561.88
2543.21
10009.3
2492.93
2514.09
14642.6
2433.41
2487.22
2410.51
7462.64
2346.73
9894.06
7468.59
7444.12
2287
2258.7
2275.86
2198.15
2282.97
2213.99
2180.56
10975.1
2199.07
2141.8
2150.99
9716.82
12037.6
9697.08
9683.63
2077.63
2093.2
2042.79
2064.12
7448.34
2053.77
2080.14
7438.78
2045
2045.13
2072.58
2037.4
7453.53
2071.87
2003.61
2048.75
2004.38
2022.33
9545.12
10917.4
2039.45
1987.87
2014.28
1979.51
2019.05
1983.2
2000.68
10907.3
2017.59
2004.74
2033.04
9444.24
2019.97
2068.24
2023.21
2057.95
2035.62
2065.29
2085.54
2085.42
2090.81
2114.54
9385.72
2119.39
2134.71
2157.54
2209.93
9356.63
2188.73
2208.05
2221.09
2241.13
2266.19
2278.1
2300.55
2317.01
2339.32
2358.21
2423.15
2433.66
2456.56
7519.98
2473.68
2528
2532.6
2552.62
9303.78
2600.54
2603.48
2659.36
2654.02
2696.95
2699.39
9299
2733.62
2786.36
2762.78
2811.64
2810.22
2823.53
2862.38
2872.07
2877.27
2910.83
9288.63
2933.27
2948.46
2982.26
2993.18
9283.63
3010.05
3018.09
3037.69
3059.96
3090.01
3088.33
3102.75
3122.42
3145.08
3162.37
3161.02
10933.2
3189.44
3199.59
3207.96
3223.9
3226.57
3233.65
3251.97
3251.59
3263.03
3274.28
9259.11
3305.91
3290.92
3274.44
3280.24
3277.13
3260.65
3255.34
3291.4
3278.68
3267.54
7583.65
3266.59
3292.85
3296.49
3271.55
3270.63
9216.06
3314.06
3287.96
3286.4
3310.88
3315.02
3302.12
3317.73
3317.64
3337.24
3324.29
9204.58
3315.54
3339.49
3326.57
3333.19
3314.86
7494
3372.75
3338.63
3360.59
3390.57
9223.06
3394.64
3399.31
7461.26
3393.92
3424.29
3421.77
3440.48
7402.84
3415.7
3437.02
3455.39
3443.45
3462.01
3473.82
9320.9
3447.23
3471.67
7304.88
9359.71
3484.19
3496.91
3485.94
3471.98
3452.17
3491.25
3472.32
3471.11
10519.7
3515.66
3521.52
3541.91
3535.88
3517.39
7129.32
3575.82
3557.13
3548.31
3586.89
7056.11
3616.17
3603.34
3649.22
3648.11
3681.13
3680.14
3700.88
3680.73
7007.54
3719.66
10147
3744.05
10072
6945.55
6954.33
3900.02
3862.99
3922.43
3955.45
9943.52
9891.15
6999.63
4006.23
4045.88
9766.92
4125.58
4099.25
4148.53
4173.18
9615.38
9592.11
4141.5
4202.73
9504.19
4166.13
7481.66
4126.7
4127.92
4115.21
9253.06
4091.86
4109.71
4118.64
4074.97
4120.07
11624.6
4082.93
4078.27
8981.83
4114.71
4098.07
8782.17
4169.35
11804.4
8902.11
8660.27
4160.65
4113.88
4091.54
4072.99
9083.32
4108.24
3992.62
3973.65
8320.21
3947.56
4009.6
11888.1
3918.53
3839.43
7969.91
3861.57
3784.33
3776.24
7717.38
3739.33
3660.59
3695.15
3681.99
7435.12
3684.03
7330.33
11084.1
7209.88
7217.98
3612.19
3614.84
3673.56
7092.36
3668.2
6979.21
6961.34
3741.09
6922.05
6900.84
6896.28
6890.33
13978.2
3664.6
6912.21
3652.29
6951.51
3588.4
3558.44
3448.32
3391.5
3398.39
7194.52
3320.33
7262.07
3127.42
3197.34
3012.11
2982.52
2922.66
2825.61
2894.64
7775.23
2648.97
7916.17
2679.98
12073.6
12030.8
2499.14
2432.23
2346.74
8448.54
2303.11
2270.45
2281.23
2300.47
2240.68
2178.98
15389
2145.04
2238.25
2086.14
2087.33
2085.07
10105.6
11642.5
2132.29
2113.51
11616.3
2138.57
2149.44
2111.51
11674.9
2043.32
11732.2
2065.73
2048.48
1959.72
1978.83
1934.96
1949.99
1876.24
1796.62
1791.05
1807.74
9762.41
1750.4
1775.47
1732.77
1695.69
1731.21
1701.87
9588.84
1684.64
1681.19
1813.61
1690.25
1776.49
1795.68
1698.97
1728.58
1828.57
1893.9
1902.34
1840.27
1899.57
9192.81
1800.62
11827.7
1873.94
1762.62
1849.94
1789.05
1763.6
1777.17
1656.99
1759.54
1673.68
1654.63
1690.77
1563.25
9429.21
9466.54
1469.36
1496.49
1425.59
1394.41
1378.05
1391.47
9639.88
1402.56
1383.48
9709.34
1295.71
1245.67
1225.98
1230.22
1311.22
1219.76
1195.64
1206.06
1131.39
1181.74
1142.61
1136.97
1169.89
1098.59
1181.69
1134.15
1137.38
10129.6
1085.74
1175.87
1106.38
1093.47
1097.28
1138.63
1081.29
1108.2
1088.83
1088.14
1090.81
1095.29
1101.36
1109.72
1134.98
1118.75
1142.99
1134.02
1139.08
1146.14
1185.31
1182.55
1199.45
1181.7
1191.68
1202.24
1214.63
1221.51
1232.63
1253.71
1253.57
1274.14
1275.3
1285.49
1297.38
1307.26
1330.79
1329.49
1339.65
1355.83
1361.73
1371.98
1385.13
1393.95
1404.46
1416.05
1426.44
1438.2
1448.56
1460.19
1476.06
1482.73
1494.93
1508.37
1527.27
1583.14
1542.05
1554.3
1604.83
1587.67
1594.36
1605.19
1640.66
1631.76
1662.78
1656.37
1671.14
1687.43
1704.15
1715.62
1724.94
1733.95
1743.75
1764.76
1768.42
1784.96
1808.26
1841.89
1860.49
1860.45
1853.26
1855.08
1915.15
1879.98
1910.96
1952.6
1910.17
10426.4
1973.92
1959.46
1959.04
1986.06
2030.65
1993.66
2006.13
2088.17
2065.91
2051.52
2105.64
2069.82
2088.52
2102.81
2111.53
10277.5
2157.03
10249.7
2167.46
2189.55
2200.82
2205.45
2283.43
2246.35
2299.72
2346.7
10155.1
2370.95
2345.74
2331.27
2380.7
2433.1
10096.4
2480.79
2461.34
2442.39
2503.75
2560.8
10004.1
2596.97
2510.34
2514.71
2595.74
2555.37
2548.64
2541.59
2559.08
2574.41
2618.42
2587.01
2660.93
2641.49
2676.44
2720.97
2727.45
2668.38
2697.16
2695.71
2766.74
2767.54
2770.59
2786.86
2847.81
2844.26
2912.68
2893.07
2874.77
2914.02
2958.56
13225.5
2915.7
13174.8
3041.93
2991.36
3045.91
3046.09
3058.51
3079.17
3182.09
3122.22
3210.62
3133.71
3168.33
3216.79
3200.73
3252.04
3201.87
3262.43
3278.56
3331.52
3306.04
3309.94
3348.08
3338.68
3382.98
9634.64
3382.2
3432.28
3466.82
3515.51
3461.89
3516.39
3458.51
3517.21
3508.69
3551.42
3551.86
3552.17
3542.74
13375.1
3654.51
3653.25
3695.7
13429.8
3646.88
3704.04
3764.31
3778.51
3731.63
3758.32
3744.6
8941
3785.63
3835.05
3815.22
3858.44
3933.78
3912.64
3884.74
3937.94
3939.93
3933.68
8655.22
3945.56
3963.28
8601.79
4014.18
4042.86
4030.64
4048.26
8545.98
4037.5
4063.75
4039.36
3977.27
4050.56
4009.97
3997.92
3953.47
3986.59
4066.53
12335.3
3975.77
3940.33
3987.43
3999.67
12139.4
3932.55
8836.42
3951.17
3930.7
3928.14
4021.23
3983.12
8932.65
3964.38
3936.16
3900.97
3946.74
3907.63
3960.48
3935.75
9064.52
3924.28
11510.5
9083.68
3899.27
9108.58
3913.42
3955.91
9147.33
3888.63
9204.19
3925.14
3904.88
3983.81
3908.55
3932.55
3923.98
3887.37
3912.21
3868.69
9343.85
8995.44
11129.8
3985.3
3921.51
3908.37
3933.89
3939.45
11175.4
3887.12
3955.7
3879.46
3859.01
3905.96
3881.52
3921.51
15955
3832.33
3862.69
3820.66
3871.32
3819.87
3842.08
9513.36
3778.14
7883.24
3727.33
3675.9
3677.79
3690.62
9470.64
11302.4
3574.53
3562.59
3482.41
3503.92
9479.33
11327.6
13337.2
7831.88
3444.3
3485.89
7865.31
3457.79
3413.92
9508.77
3422.79
3381.06
11392.7
9494.01
3318.73
3307.27
9477.01
3247.78
3255.12
3206.18
7846.54
3167.21
3110.43
3121.32
11333.2
12624.1
3040.63
7821.36
11308.2
2998.09
2968.26
12559.6
2895.15
2822.04
2847.3
11266.9
7777.86
2752.29
14911.7
2735.48
2732.55
2687.68
11247.9
2629.29
2620.95
2615.97
2603.46
10032.1
2587.21
2554.74
2549.27
2524.88
2551.1
2541.49
2493.54
2495.61
2464.23
2449.44
2481.95
2442.12
2433.91
2448.49
2419.43
2410.1
2380.21
2373.45
7691.84
2351.6
7678.14
9773.44
2385.09
7696.4
2345.65
2325.87
2311.58
2327.28
2306.79
2299.8
2295.28
2278.67
2293.45
2290.74
2280.89
2283.84
9569.47
2265.77
2263.16
2280.12
2289.85
2279
2287.73
2316.79
2337.76
2354.78
2359.85
2341.23
9002.34
2385.41
2418.55
2456.97
2476.09
2505.1
2527.94
2487.48
2528.44
2525.32
2593.15
2600.59
2638.61
2666.22
2691.71
2699.86
2759.17
7780.17
2836.85
2822.14
2856.65
2918.01
2913.32
8271.23
2926.19
2990.25
2991.79
3088.96
3055.78
3102.96
3157.52
3165.62
7895.98
3242.87
3190.2
3243.87
3306.56
3326.47
3325.34
3320.79
8033.91
3378.9
8007.26
3402.16
3481.33
8010.85
3445.05
3477.27
3502.11
3527.21
3544.44
3584.47
3589.76
3604.28
3612.91
3626.04
9610.52
8039.24
3592.13
3617.16
9582.92
8051.27
3634.23
8068.56
3673.62
3651.81
3637.27
3667.19
3674.14
3738.01
3662.42
8133.6
8178.58
3634.88
3672.49
3658.2
3630.27
3644.27
3666.75
7946.85
3655.61
8349.38
9424.98
8404.35
3584.37
3571.1
3597.49
3567.7
3579.54
3548.92
3580.67
3540.42
3539.59
3539.09
3528.53
3506.63
8883.23
3510.47
3513.19
3498.07
3510.44
3536.47
3521.32
3520.81
3518.9
3548.36
3542.67
3567.26
3589.79
3580.15
3600.41
7762.11
3619.15
3629.14
3644.52
3652.77
3667.07
3691.24
3700.35
3710.04
3720.49
3740.9
3758.32
3791.06
3792.95
3788.32
3791.19
3784.92
3785.68
3783.7
3778.59
3799.12
3772.67
3779.58
10890.7
3808.76
7706.75
9215.07
3848.65
9220.21
7690.57
3883.89
3916.18
3887.62
7669.97
3910.64
3920.44
3943.64
3943.2
3942.75
3966.39
3977.23
3987.47
7580.43
4026.33
9346.47
4083.99
4087.6
4092.59
4108.68
4135.92
4124.4
9505.2
4133.97
10757.5
4169.1
4158.79
9621.2
4170.23
4191.94
4194.08
4187.11
4205.91
4186.25
4219.44
4212.42
4250.53
10503.4
11949.3
4274.44
4251.07
4289.45
7150.29
4357.06
4328.76
4323.83
4341.16
7091.65
10154.7
10154.1
4447.83
7064.46
7022.48
4503.35
7023.07
4560.83
9946.01
4615.44
4634.22
4653.85
7072.23
4631.94
11118.3
7160.66
7176.5
9577.49
4644.42
4673.17
9433.14
7409.55
4678.08
4660.06
4614.04
4629.06
9232.37
4615.27
4556.11
9124.62
11277.5
9007.7
4544.87
4488.55
8935.55
4434.41
4453.37
4460.27
8826.46
4509.95
8796.7
4478.17
8781.87
4500.09
4506.88
8817.21
4460.39
4401.49
4448.21
4446.86
11686.7
9153.13
4348.07
11784.2
9412.09
9525.09
4236.68
8103.86
8019.55
9984.38
4158.37
4105.08
7758.53
4031.84
10631.8
4067.56
7508.86
4114.99
4048.62
4112.43
7317.62
4088.97
4101.43
7186.08
7125.99
4155.59
4180.53
4149.95
12929.3
7024.55
4181.29
4126.33
4088.22
4118.32
4032.48
4032.51
3973.68
3968.64
3916.72
3815.16
3798.09
7485.31
7514.15
7585.58
7682.97
3513.31
3415.71
3392.5
3266.08
3238.68
12118.6
3063.38
3097.8
3025.92
11970.7
2892.65
2835.53
8814.34
2860.3
2752.29
2768.21
2778.18
2736.05
2685.39
2655.71
2652.88
2668.66
2690.24
11554.8
2568.15
2603.32
2512.15
2478.68
2434.86
2430.3
11707.4
2423.18
2315.34
2359.29
2325.46
2288.61
2194.23
2167.7
2169.13
2156.24
2193.69
2114.55
2113
2056.66
2044.65
2054.8
2025.53
2063.13
2035.17
9360.56
2123.76
2039.87
2080.8
2056.19
2106.41
2148.54
9167.41
2070.57
9201.06
2100.83
2092.62
1973.77
2058.55
9355.02
1907.66
9414.46
9434.94
1845.39
1796.64
1785.77
9598.06
9640.37
1706.82
1669.72
1688.02
1635.91
9872.9
1604.35
1518.49
1563.44
1472.67
1525.27
1430.04
1458.36
1391.04
1381.79
1410.72
1340.3
1325.79
1312.27
1298.95
1285.79
1272.82
1260.1
1247.78
1236.03
1224.88
1214.34
1204.39
1195.14
1186.48
1178.46
1171.1
1164.43
1158.45
1153.17
1148.6
1144.77
1141.65
1139.26
1137.57
1136.57
1136.23
1136.51
1137.11
1138.58
1140.7
1143.23
1146.11
1149.31
1152.8
1156.55
1160.52
1164.68
1169.01
1173.47
1178.07
1182.79
1187.62
1192.57
1197.64
1202.82
1208.13
1213.56
1219.09
1224.73
1230.52
1236.47
1242.57
1248.8
1255.17
1261.69
1268.35
1275.14
1282.06
1289.08
1296.21
1303.43
1310.71
1318.06
1325.44
1332.85
1340.33
1347.88
1355.51
1363.24
1371.08
1379.05
1387.11
1395.32
1403.69
1412.25
1420.99
1430.08
1439.39
1448.81
1458.37
1468.06
1477.88
1487.78
1497.74
1507.88
1518.11
1528.42
1538.71
1548.95
1559.12
1569.18
1579.12
1588.91
1598.53
1607.92
1617.01
1625.99
1634.8
1643.47
1651.99
1660.41
1668.75
1677.02
1685.21
1693.35
1701.59
1709.76
1717.98
1726.19
1734.46
1742.51
1750.53
1758.56
1766.5
1774.11
1781.39
1788.34
1794.97
1801.29
1807.31
1812.99
1818.21
1823.37
1828.29
1832.89
1837.09
1841.1
1844.94
1848.62
1852.17
1855.59
1858.88
1862.08
1865.4
1868.63
1871.78
1874.87
1877.93
1881.14
1884.29
1887.29
1890.37
1893.35
1896.52
1899.86
1903.4
1906.96
1910.59
1914.31
1918.13
1922.08
1926.16
1930.4
1934.8
1939.66
1944.72
1949.85
1955.11
1960.58
1966.28
1972.28
1978.53
1984.94
1991.63
1998.48
2005.46
2013.29
2021.34
2028.95
2037.55
2046.4
2055.5
2065.37
2076.7
2087.35
2097.84
2107.05
2118.19
2129.07
2151.31
2152.35
2164.95
2201.87
2194.37
2216.21
2231.75
2238.16
2289.6
2264.26
2281.05
10471.5
2332.02
10441.6
2343.66
2357.84
2417
2400.03
2433.63
2457.74
2464.39
2466.17
2506.15
2544.71
2564.08
2565.36
2555.66
2592.13
2609.64
2650.75
2602.28
2683.06
2685.92
2695.26
2633.31
2677.74
2671.85
2664.43
2675.21
2694.2
2753.01
2713.85
2766.05
2767.43
2772.38
2783.52
2828.25
2841.17
2887.15
2871.34
2859.04
10665.5
2884.83
2912.24
2935.39
2973.2
3000.45
2968.24
3024.97
3036.46
3026.78
13041.6
3164
3119.9
3124.22
9886.52
3170.55
3207.98
9761.02
3180.8
3202.03
3213.58
3176.01
3243.98
3291.45
3248.3
3324.31
3325.46
3278.02
3358.17
3344.96
9410.05
3371.79
3381.25
3437.5
3417.22
3452.07
3487.75
9213.28
9195
3571.84
9164.87
9110.73
11173.3
9071.61
9012.53
3720.51
3661.77
3742.7
3710.98
3821.06
3837.31
3833.65
13604.9
3906.82
3909.12
3896.24
8745.15
3903.24
3905.36
3979.43
8661.08
3970.51
8645.41
4034.47
4091.13
4086.98
4094.79
13749.1
4027.56
4107.92
4091.75
4119.79
8645.07
4064.92
8678.44
4070.27
12490.5
4103.92
8747.77
4059.37
8748.79
4120.22
4112.73
8816.17
4038.38
8862.54
4099.04
4099.67
4111.65
4053.04
4120.38
4083.24
4074.9
4093.88
4135.53
4112.35
9062.04
4168.61
11721.2
4090.1
4147.7
9136.91
11600.4
4111.78
4131.36
4073.02
4168.75
4094.37
4112.26
4127.94
4133.72
9283.55
11271.9
4126.73
4171.16
4120.12
9352.09
11209.4
9381.9
9387.16
4160.13
4150.65
14013.8
4095.91
4122.8
4174.84
4114.33
4139.28
4123.41
4178.17
4173.48
4156.65
4148.28
9573.56
4182.13
11299.6
4202.56
4210.66
4187.3
4205.34
4183.12
4210.12
4215.39
4189.04
8074.85
8049.35
4093.26
7995.78
8006.14
7991.7
3999.45
3988.91
3939.41
7966.5
3932.64
3890.33
7972.73
3863.18
7977.41
3803.19
3829.35
3776.1
7935.36
3740.02
3685.79
7945.8
3688.27
3647.24
7964.11
3685.72
3658.91
3672.07
3614
3680.85
3589.38
3565.7
3551.7
11462.5
3465.19
7964.64
3465.24
7923.26
3358.16
3332.02
3309.81
3277.68
3260.45
3245.29
3164.89
7874.99
10332.7
3148.52
3079.68
3072.49
3069.17
7849.11
7851.92
2946.43
2931.99
7850.32
2880.4
2860.43
2863.02
2827.9
2838.57
2807.15
11300.9
2781.35
12444.5
2794.16
2753.56
2735.04
2717.04
2691.84
2686.91
2656.93
7794.68
2655.99
2615.69
2603.22
2607.18
2575.25
2581.02
2570.58
2576.61
2551.08
2546.27
9834.88
9838.75
2544.56
2519.56
2521.96
2493.6
2472.63
2456.98
2444.13
2464.21
2448.37
2424.97
7712.84
2402.95
2425.96
2426.37
2399.66
2428.7
11088.6
2391.52
2417.71
2389.1
2419.26
2415.85
13042.5
2419.13
9128.74
2475.6
2493.61
2521.53
2483.64
2525.8
2586.02
2635.08
2587.49
2624.26
2644.4
7769.9
2705.35
2703.18
2734.72
2737.92
8437.88
2794.34
8388.87
2862.9
2920.35
2934.9
2928.03
7853.04
9582.19
3059.52
3044.29
3091.16
3133.94
3133.88
8118.92
3186.45
3230.4
3258.41
3268.69
8043.95
9618.11
3347.05
3389.52
7993.38
3401.47
3402.4
3476.78
3447.47
3487.68
3534.21
3577.37
3602.03
3618.88
3614.1
3616.98
3609.01
9673.15
3643.8
7903.76
3695.25
3655.45
3729.37
3694.92
3776.43
8066.88
3704.28
9650.26
3791.92
3766.9
3761.87
3769.48
3773.36
3782.33
3817.25
8012.34
3823.15
3780.93
8048.09
8061.39
9566.16
3805.25
3763.39
11946.1
8114.55
3758.43
8177.88
3794.4
3745.51
3761.75
3755.56
3750.14
3722.08
3719.7
9458.26
3703.4
3638.09
3688.59
3624.48
3665.08
3616.74
3595.73
3606.9
3600.13
3596.93
3588.79
9302.85
3592.58
3617.59
3584.22
3573.27
3594.09
3584.43
3601.39
3605.97
3592.88
3625.8
3629.65
3636.37
3656.89
3674.44
9182.89
3693.91
3702.58
3713
3723.19
3735.51
3750.41
3772.69
3781.4
3793.23
3817.22
3820.93
3840.19
3874.83
7796.91
3872.98
3871.93
3874.39
3864.54
9214.34
3888.84
3864.7
3851.04
3852.33
3878.48
3873.53
3909.49
3914.56
3919.2
3936.13
3963.82
9231.06
3945.26
3971.5
9245.84
9262.43
3995.18
4009.15
4001.89
4028.07
4017.24
4023.21
4072.85
4109.54
4088.33
4099.26
4151.65
4163.89
4163.86
4156.29
4163.17
4186.1
4186.93
4231.99
4224.42
4230.32
4247.57
4238.8
4224.01
4238.59
4234.81
4253.36
4301.13
7226.19
4302.91
7200.01
11912.2
4316.98
10385
4354.33
4344.43
10288.5
4354.39
13942.6
4435.35
4451.04
10137.7
4442.16
10103.2
4517.5
7027.87
7053.79
4638.67
4600.48
4660.26
4674.57
9799.92
4673.3
7143.36
9677.48
11077.7
7212.83
4729.86
4703.15
4676.83
4695.84
4658.47
9310.27
7588.48
4646.11
4645.1
9124.83
4624.14
4605.03
4563.41
11256.2
4555.04
4573.25
8907.04
4563.22
4511.81
8791.77
4500.96
4538.79
4547.46
4566.3
4540.28
4558.4
4465.94
4543.83
4520.83
8847.19
4490.54
8961
4431.67
11677.6
4408.18
8413.17
4318.84
4315.74
4268.25
4227.55
4207.41
4132.48
9997.93
4151.3
4085.49
7744.22
7645.55
4057.28
4037.86
4055.08
7403.17
7361.81
4060.04
4055.68
13039.5
4077.44
4162.79
4109.62
4196.31
12986.4
4219.67
4217.58
4231.51
4237.78
7013.04
4177.21
12769.5
7118.63
4113.93
7153.26
7224.06
3906.62
12558.1
3843.8
3725.74
3757.56
3593.99
3562.97
3531.61
3473.09
7848.65
7921.39
3211.86
3176.43
3157.97
8281.98
3001.03
2957.04
2909.16
2938.02
2880.51
2814.13
2735.88
2770.38
2664.51
2652.27
2624.48
2716.9
2629.67
2695.94
2577.17
2585.74
2597.75
2628.86
2525.57
2570.45
2495.31
2504.09
2472.39
2371.01
2320.67
2298.78
2336.88
2290.6
2274.73
2177.09
2170.9
2175.42
2109.85
2059.25
2097.5
2165.03
2018.08
2017.03
2009.72
2026.75
1974.17
2021.67
1982.01
2053.34
2059.76
9238.92
2140.84
2072.03
2118.66
9173.44
2062.36
2138.67
2075.65
2056.3
9259.77
2002.77
1967.45
1995.59
1900.6
1868.18
1885.75
1811.81
1788.38
1823.14
1766.38
1782.98
1698.5
1691.64
1615.73
1590.66
