3.91733e+06
7.89646e+06
1.17969e+07
1.56717e+07
1.94922e+07
2.33075e+07
2.71041e+07
3.0942e+07
3.47546e+07
3.85877e+07
4.24212e+07
4.62879e+07
5.01718e+07
5.40649e+07
5.79118e+07
6.17506e+07
6.56486e+07
6.97343e+07
7.4138e+07
7.89507e+07
8.34237e+07
8.76972e+07
9.18954e+07
9.57587e+07
9.96232e+07
1.0349e+08
1.0731e+08
1.11139e+08
1.15001e+08
1.18841e+08
1.22665e+08
1.26486e+08
1.303e+08
1.34129e+08
1.37925e+08
1.4174e+08
1.45569e+08
1.49377e+08
1.53178e+08
1.56985e+08
1.60811e+08
1.64622e+08
1.68456e+08
1.72225e+08
1.76013e+08
1.79791e+08
1.8357e+08
1.87342e+08
1.91121e+08
1.94898e+08
1.9886e+08
2.02603e+08
2.06341e+08
2.10084e+08
2.13792e+08
2.17499e+08
2.21199e+08
2.24901e+08
2.28614e+08
2.32335e+08
2.36009e+08
2.3968e+08
2.43357e+08
2.47012e+08
2.50681e+08
2.54334e+08
2.57993e+08
2.6165e+08
2.65311e+08
2.68964e+08
2.73399e+08
2.77038e+08
2.80747e+08
2.84373e+08
2.87997e+08
2.91632e+08
2.95282e+08
2.98905e+08
3.02537e+08
3.06175e+08
3.09819e+08
3.13461e+08
3.17094e+08
3.20738e+08
3.24403e+08
3.28043e+08
3.31669e+08
3.35315e+08
3.38949e+08
3.4259e+08
3.46222e+08
3.49855e+08
3.53481e+08
3.57112e+08
3.60753e+08
3.64378e+08
3.68003e+08
3.71666e+08
3.75305e+08
3.78954e+08
3.82801e+08
3.86479e+08
3.9011e+08
3.93746e+08
3.97396e+08
4.01035e+08
4.04681e+08
4.08336e+08
4.11964e+08
4.15615e+08
4.19242e+08
4.22886e+08
4.26538e+08
4.30164e+08
4.33814e+08
4.37456e+08
4.41085e+08
4.44704e+08
4.48324e+08
4.51968e+08
4.55609e+08
4.59232e+08
4.62881e+08
4.66521e+08
4.70165e+08
4.73797e+08
4.7741e+08
4.81042e+08
4.84663e+08
4.88293e+08
4.91908e+08
4.95543e+08
4.99176e+08
5.02838e+08
5.06465e+08
5.10113e+08
5.13742e+08
5.17374e+08
5.21012e+08
5.24642e+08
5.28265e+08
5.31883e+08
5.35531e+08
5.39144e+08
5.42751e+08
5.46363e+08
5.49999e+08
5.5362e+08
5.57252e+08
5.609e+08
5.64774e+08
5.68391e+08
5.72015e+08
5.75662e+08
5.79279e+08
5.82894e+08
5.86561e+08
5.90195e+08
5.93853e+08
5.97505e+08
6.01131e+08
6.04769e+08
6.08402e+08
6.12035e+08
6.15686e+08
6.19321e+08
6.22987e+08
6.26636e+08
6.30279e+08
6.33933e+08
6.37573e+08
6.4123e+08
6.44868e+08
6.48491e+08
6.52145e+08
6.55778e+08
6.59421e+08
6.63052e+08
6.66712e+08
6.7036e+08
6.74006e+08
6.77656e+08
6.81315e+08
6.84976e+08
6.88629e+08
6.92272e+08
6.95905e+08
6.99565e+08
7.03212e+08
7.06879e+08
7.10564e+08
7.14233e+08
7.17893e+08
7.21563e+08
7.25225e+08
7.28875e+08
7.3254e+08
7.36193e+08
7.39834e+08
7.43494e+08
7.47353e+08
7.50996e+08
7.54648e+08
7.583e+08
7.61961e+08
7.65592e+08
7.69226e+08
7.72865e+08
7.76507e+08
7.8014e+08
7.83784e+08
7.87405e+08
7.91062e+08
7.94712e+08
7.98352e+08
8.02003e+08
8.05664e+08
8.09301e+08
8.12922e+08
8.16604e+08
8.20239e+08
8.23865e+08
8.27507e+08
8.31174e+08
8.34824e+08
8.38458e+08
8.42099e+08
8.45771e+08
8.49435e+08
8.53084e+08
8.56726e+08
8.60373e+08
8.64015e+08
8.67684e+08
8.71314e+08
8.74957e+08
8.78591e+08
8.82251e+08
8.85921e+08
8.89571e+08
8.93208e+08
8.96852e+08
9.00492e+08
9.04145e+08
9.0779e+08
9.11463e+08
9.1511e+08
9.18776e+08
9.2244e+08
9.26103e+08
9.29976e+08
9.33629e+08
9.37282e+08
9.40945e+08
9.4458e+08
9.48225e+08
9.51873e+08
9.55514e+08
9.59202e+08
9.62853e+08
9.66498e+08
9.70136e+08
9.73762e+08
9.77428e+08
9.81086e+08
9.84737e+08
9.88381e+08
9.92041e+08
9.95699e+08
9.99346e+08
1.00299e+09
1.00664e+09
1.01029e+09
1.01393e+09
1.01758e+09
1.02123e+09
1.02486e+09
1.02848e+09
1.03211e+09
1.03574e+09
1.03938e+09
1.043e+09
1.04665e+09
1.05027e+09
1.05389e+09
1.05752e+09
1.06115e+09
1.06478e+09
1.06841e+09
1.07203e+09
1.07567e+09
1.0793e+09
1.08292e+09
1.08656e+09
1.09019e+09
1.09381e+09
1.09744e+09
1.10111e+09
1.10478e+09
1.1084e+09
1.11229e+09
1.11592e+09
1.11954e+09
1.12319e+09
1.12683e+09
1.13048e+09
1.13409e+09
1.13774e+09
1.14138e+09
1.145e+09
1.14862e+09
1.15225e+09
1.15589e+09
1.15956e+09
1.16322e+09
1.16686e+09
1.17048e+09
1.17414e+09
1.17779e+09
1.18145e+09
1.18511e+09
1.18873e+09
1.19236e+09
1.196e+09
1.19961e+09
1.20324e+09
1.20686e+09
1.2105e+09
1.21415e+09
1.21779e+09
1.22142e+09
1.22505e+09
1.22868e+09
1.23231e+09
1.23595e+09
1.23959e+09
1.24323e+09
1.24689e+09
1.25051e+09
1.25415e+09
1.25778e+09
1.2614e+09
1.26503e+09
1.26865e+09
1.27228e+09
1.27591e+09
1.27955e+09
1.28318e+09
1.28682e+09
1.29047e+09
1.29433e+09
1.29798e+09
1.30166e+09
1.30535e+09
1.30903e+09
1.31269e+09
1.31636e+09
1.32e+09
1.32365e+09
1.3273e+09
1.33096e+09
1.33459e+09
1.33823e+09
1.34189e+09
1.34555e+09
1.3492e+09
1.35283e+09
1.35648e+09
1.36012e+09
1.36376e+09
1.36741e+09
1.37104e+09
1.37468e+09
1.37836e+09
1.38198e+09
1.38562e+09
1.38928e+09
1.39291e+09
1.39657e+09
1.40022e+09
1.40385e+09
1.4075e+09
1.41116e+09
1.4148e+09
1.41843e+09
1.42206e+09
1.42571e+09
1.42934e+09
1.43296e+09
1.43661e+09
1.44024e+09
1.44386e+09
1.4475e+09
1.45117e+09
1.45481e+09
1.45843e+09
1.46206e+09
1.46569e+09
1.46932e+09
1.47297e+09
1.47684e+09
1.48049e+09
1.48413e+09
1.48776e+09
1.49143e+09
1.49511e+09
1.49879e+09
1.50244e+09
1.5061e+09
1.50973e+09
1.51338e+09
1.51701e+09
1.5207e+09
1.52435e+09
1.52797e+09
1.53162e+09
1.53524e+09
1.53887e+09
1.54251e+09
1.54617e+09
1.54979e+09
1.55347e+09
1.55712e+09
1.56076e+09
1.56441e+09
1.56806e+09
1.57169e+09
1.57535e+09
1.57898e+09
1.58272e+09
1.58635e+09
1.58998e+09
1.59365e+09
1.59738e+09
1.60104e+09
1.60469e+09
1.60835e+09
1.612e+09
1.61564e+09
1.61928e+09
1.62292e+09
1.62655e+09
1.63019e+09
1.63384e+09
1.63748e+09
1.64113e+09
1.64477e+09
1.64843e+09
1.65208e+09
1.65571e+09
1.65959e+09
1.66331e+09
1.66696e+09
1.67059e+09
1.67424e+09
1.67793e+09
1.68156e+09
1.6852e+09
1.68885e+09
1.69248e+09
1.69613e+09
1.6998e+09
1.70349e+09
1.70714e+09
1.71077e+09
1.71443e+09
1.71807e+09
1.72172e+09
1.72534e+09
1.72896e+09
1.73259e+09
1.73622e+09
1.73983e+09
1.74364e+09
1.74741e+09
1.7516e+09
1.75536e+09
1.75908e+09
1.76279e+09
1.76662e+09
1.77099e+09
1.77514e+09
1.77913e+09
1.78315e+09
1.78727e+09
1.79104e+09
1.79477e+09
1.79883e+09
1.80252e+09
1.80623e+09
1.81003e+09
1.81383e+09
1.81757e+09
1.82135e+09
1.82509e+09
1.82884e+09
1.83267e+09
1.83652e+09
1.84031e+09
1.84409e+09
1.8481e+09
1.85184e+09
1.85564e+09
1.85937e+09
1.86308e+09
1.8668e+09
1.87052e+09
1.87429e+09
1.87803e+09
1.88174e+09
1.88546e+09
1.88919e+09
1.89288e+09
1.89658e+09
1.90029e+09
1.90405e+09
1.90786e+09
1.91159e+09
1.91534e+09
1.9191e+09
1.92282e+09
1.92657e+09
1.93034e+09
1.93409e+09
1.9379e+09
1.9416e+09
1.94534e+09
1.94904e+09
1.95278e+09
1.95652e+09
1.96029e+09
1.9641e+09
1.9679e+09
1.97163e+09
1.9754e+09
1.97914e+09
1.98285e+09
1.98657e+09
1.99028e+09
1.99398e+09
1.99772e+09
2.00144e+09
2.00512e+09
2.00885e+09
2.01266e+09
2.01634e+09
2.0203e+09
2.02398e+09
2.02807e+09
2.03277e+09
2.03697e+09
2.04087e+09
2.04464e+09
2.04837e+09
2.05207e+09
2.05576e+09
2.05985e+09
2.06389e+09
2.0677e+09
2.07144e+09
2.07515e+09
2.07884e+09
2.08255e+09
2.08618e+09
2.08989e+09
2.09358e+09
2.09727e+09
2.10104e+09
2.10474e+09
2.1084e+09
2.11204e+09
2.11567e+09
2.1193e+09
2.123e+09
2.12671e+09
2.13041e+09
2.1341e+09
2.13786e+09
2.14154e+09
2.14521e+09
2.14888e+09
2.15253e+09
2.15622e+09
2.15989e+09
2.16371e+09
2.16803e+09
2.17175e+09
2.17547e+09
2.1792e+09
2.18294e+09
2.1867e+09
2.1905e+09
2.19482e+09
2.19854e+09
2.20246e+09
2.20646e+09
2.21018e+09
2.21441e+09
2.21811e+09
2.22177e+09
2.2258e+09
2.22976e+09
2.23353e+09
2.23728e+09
2.24097e+09
2.24469e+09
2.24834e+09
2.25207e+09
2.2558e+09
2.25947e+09
2.26333e+09
2.26717e+09
2.27097e+09
2.27573e+09
2.27965e+09
2.2834e+09
2.28714e+09
2.29087e+09
2.2947e+09
2.29851e+09
2.30249e+09
2.30638e+09
2.3103e+09
2.31408e+09
2.31787e+09
2.32162e+09
2.32537e+09
2.32909e+09
2.33289e+09
2.33664e+09
2.34041e+09
2.34417e+09
2.34797e+09
2.35185e+09
2.3557e+09
2.3596e+09
2.36349e+09
2.36734e+09
2.3711e+09
2.37488e+09
2.37868e+09
2.38247e+09
2.38627e+09
2.39001e+09
2.39371e+09
2.3974e+09
2.402e+09
2.40592e+09
2.40972e+09
2.41358e+09
2.41758e+09
2.42154e+09
2.42534e+09
2.42911e+09
2.4329e+09
2.43667e+09
2.44041e+09
2.44418e+09
2.44792e+09
2.45166e+09
2.45541e+09
2.45916e+09
2.4629e+09
2.46666e+09
2.47038e+09
2.47415e+09
2.47789e+09
2.48163e+09
2.48536e+09
2.48913e+09
2.4929e+09
2.49671e+09
2.5005e+09
2.50498e+09
2.50947e+09
2.51335e+09
2.5172e+09
2.52095e+09
2.5248e+09
2.52855e+09
2.53234e+09
2.53616e+09
2.54011e+09
2.54381e+09
2.54751e+09
2.55125e+09
2.55493e+09
2.5586e+09
2.56229e+09
2.56612e+09
2.56996e+09
2.5737e+09
2.57745e+09
2.58125e+09
2.58507e+09
2.58873e+09
2.59242e+09
2.59632e+09
2.60021e+09
2.60395e+09
2.60782e+09
2.61148e+09
2.61514e+09
2.61878e+09
2.62243e+09
2.62616e+09
2.62996e+09
2.63374e+09
2.63749e+09
2.64124e+09
2.64498e+09
2.64865e+09
2.65234e+09
2.65604e+09
2.65971e+09
2.66336e+09
2.66698e+09
2.67061e+09
2.67426e+09
2.67791e+09
2.68155e+09
2.68519e+09
2.68917e+09
2.69329e+09
2.69696e+09
2.70066e+09
2.70432e+09
2.708e+09
2.71175e+09
2.71549e+09
2.71926e+09
2.72295e+09
2.7266e+09
2.73023e+09
2.73391e+09
2.73763e+09
2.74127e+09
2.74493e+09
2.74858e+09
2.75224e+09
2.75592e+09
2.75959e+09
2.76325e+09
2.76688e+09
2.77051e+09
2.77418e+09
2.77791e+09
2.78154e+09
2.78521e+09
2.78884e+09
2.7927e+09
2.79637e+09
2.79999e+09
2.80365e+09
2.80733e+09
2.81103e+09
2.81475e+09
2.81845e+09
2.82213e+09
2.82578e+09
2.82949e+09
2.83318e+09
2.83681e+09
2.84044e+09
2.84411e+09
2.84778e+09
2.85154e+09
2.85522e+09
2.85886e+09
2.86248e+09
2.86612e+09
2.86978e+09
2.87347e+09
2.87715e+09
2.88079e+09
2.88446e+09
2.88812e+09
2.89178e+09
2.89546e+09
2.89909e+09
2.90275e+09
2.9064e+09
2.91003e+09
2.91374e+09
2.91745e+09
2.92109e+09
2.92475e+09
2.92841e+09
2.93214e+09
2.93586e+09
2.93966e+09
2.94345e+09
2.94716e+09
2.95084e+09
2.95452e+09
2.95833e+09
2.96207e+09
2.96573e+09
2.96945e+09
2.97311e+09
2.97699e+09
2.98062e+09
2.98426e+09
2.98792e+09
2.99156e+09
2.99522e+09
2.99887e+09
3.00259e+09
3.00631e+09
3.01008e+09
3.01384e+09
3.01755e+09
3.02122e+09
3.02488e+09
3.0285e+09
3.03219e+09
3.03585e+09
3.03949e+09
3.04312e+09
3.04675e+09
3.05042e+09
3.05405e+09
3.05767e+09
3.06132e+09
3.06498e+09
3.06862e+09
3.07225e+09
3.07588e+09
3.07988e+09
3.08391e+09
3.08783e+09
3.09154e+09
3.09521e+09
3.09892e+09
3.10261e+09
3.10631e+09
3.10999e+09
3.11369e+09
3.11744e+09
3.12119e+09
3.12492e+09
3.12855e+09
3.13233e+09
3.1361e+09
3.13987e+09
3.14358e+09
3.14734e+09
3.15111e+09
3.15485e+09
3.15863e+09
3.16256e+09
3.16625e+09
3.16996e+09
3.17371e+09
3.17748e+09
3.18124e+09
3.18497e+09
3.18872e+09
3.19253e+09
3.19635e+09
3.20027e+09
3.20406e+09
3.20783e+09
3.21158e+09
3.21561e+09
3.21927e+09
3.22292e+09
3.22656e+09
3.23022e+09
3.23411e+09
3.238e+09
3.24221e+09
3.24602e+09
3.24988e+09
3.25378e+09
3.25757e+09
3.26131e+09
3.26501e+09
3.26866e+09
3.27234e+09
3.27599e+09
3.27966e+09
3.28333e+09
3.28696e+09
3.29063e+09
3.29428e+09
3.29796e+09
3.30163e+09
3.30527e+09
3.30892e+09
3.31259e+09
3.3163e+09
3.32001e+09
3.32371e+09
3.32745e+09
3.33119e+09
3.33513e+09
3.33887e+09
3.34267e+09
3.34642e+09
3.3503e+09
3.35392e+09
3.35759e+09
3.36135e+09
3.36509e+09
3.36879e+09
3.3725e+09
3.37614e+09
3.37983e+09
3.38352e+09
3.3873e+09
3.39098e+09
3.39466e+09
3.3984e+09
3.40207e+09
3.40575e+09
3.40948e+09
3.41313e+09
3.41676e+09
3.42041e+09
3.42407e+09
3.42774e+09
3.43145e+09
3.43512e+09
3.43891e+09
3.44266e+09
3.44631e+09
3.44996e+09
3.45365e+09
3.45733e+09
3.4611e+09
3.46484e+09
3.46851e+09
3.47224e+09
3.47591e+09
3.47955e+09
3.48319e+09
3.48689e+09
3.49055e+09
3.49418e+09
3.49789e+09
3.50161e+09
3.50537e+09
3.50909e+09
3.51286e+09
3.5166e+09
3.52031e+09
3.524e+09
3.5278e+09
3.53178e+09
3.53573e+09
3.53942e+09
3.54308e+09
3.54673e+09
3.5504e+09
3.55406e+09
3.55772e+09
3.56145e+09
3.56516e+09
3.56881e+09
3.57246e+09
3.57612e+09
3.57979e+09
3.58355e+09
3.58753e+09
3.59136e+09
3.59507e+09
3.59871e+09
3.60239e+09
3.60604e+09
3.60968e+09
3.61333e+09
3.61699e+09
3.62063e+09
3.62427e+09
3.62794e+09
3.63164e+09
3.63531e+09
3.63895e+09
3.64262e+09
3.64636e+09
3.65007e+09
3.65373e+09
3.6575e+09
3.66121e+09
3.66505e+09
3.66879e+09
3.67272e+09
3.67663e+09
3.68039e+09
3.68412e+09
3.68786e+09
3.69169e+09
3.69543e+09
3.69918e+09
3.70292e+09
3.70659e+09
3.71024e+09
3.71387e+09
3.71759e+09
3.72154e+09
3.72522e+09
3.72888e+09
3.73253e+09
3.73618e+09
3.73981e+09
3.74344e+09
3.74708e+09
3.75071e+09
3.75439e+09
3.75805e+09
3.76169e+09
3.76533e+09
3.76898e+09
3.77273e+09
3.77642e+09
3.78011e+09
3.78382e+09
3.78751e+09
3.7913e+09
3.79501e+09
3.79868e+09
3.80237e+09
3.80602e+09
3.80967e+09
3.81333e+09
3.81702e+09
3.82069e+09
3.82437e+09
3.82804e+09
3.83173e+09
3.8354e+09
3.83908e+09
3.84272e+09
3.84634e+09
3.85e+09
3.85363e+09
3.85726e+09
3.86093e+09
3.86456e+09
3.86818e+09
3.87185e+09
3.8755e+09
3.87917e+09
3.88287e+09
3.88657e+09
3.89024e+09
3.89394e+09
3.89767e+09
3.90166e+09
3.9057e+09
3.90983e+09
3.91372e+09
3.91741e+09
3.92138e+09
3.92504e+09
3.92876e+09
3.9326e+09
3.93633e+09
3.94009e+09
3.94374e+09
3.94738e+09
3.95104e+09
3.95466e+09
3.95838e+09
3.96225e+09
3.96602e+09
3.96982e+09
3.97362e+09
3.97785e+09
3.98218e+09
3.986e+09
3.98974e+09
3.99342e+09
3.99729e+09
4.00112e+09
4.0049e+09
4.00872e+09
4.0125e+09
4.01631e+09
4.02027e+09
4.02451e+09
4.02859e+09
4.0323e+09
4.03651e+09
4.04025e+09
4.04404e+09
4.04784e+09
4.05164e+09
4.05545e+09
4.05935e+09
4.06316e+09
4.06705e+09
4.07069e+09
4.07432e+09
4.07797e+09
4.0816e+09
4.08522e+09
4.08886e+09
4.09248e+09
4.09634e+09
4.09997e+09
4.10359e+09
4.10722e+09
4.11087e+09
4.1145e+09
4.11813e+09
4.12176e+09
4.1254e+09
4.12906e+09
4.13268e+09
4.13632e+09
4.13994e+09
4.14356e+09
4.14719e+09
4.15081e+09
4.15443e+09
4.15808e+09
4.16172e+09
4.16537e+09
4.16902e+09
4.17267e+09
4.17631e+09
4.17994e+09
4.18358e+09
4.18722e+09
4.19085e+09
4.19448e+09
4.19814e+09
4.20181e+09
4.20547e+09
4.20909e+09
4.21273e+09
4.21636e+09
4.22e+09
4.22365e+09
4.22728e+09
4.23092e+09
4.23456e+09
4.23819e+09
4.24184e+09
4.24546e+09
4.24908e+09
4.25273e+09
4.25636e+09
4.26e+09
4.26363e+09
4.26725e+09
4.27087e+09
4.27449e+09
4.27835e+09
4.28198e+09
4.28561e+09
4.28923e+09
4.29285e+09
4.29649e+09
4.30011e+09
4.30375e+09
4.3074e+09
4.31103e+09
4.31466e+09
4.3183e+09
4.32192e+09
4.32562e+09
4.32925e+09
4.33288e+09
4.33653e+09
4.34028e+09
4.34393e+09
4.34757e+09
4.35121e+09
4.35486e+09
4.35848e+09
4.36212e+09
4.36577e+09
4.3694e+09
4.37303e+09
4.37666e+09
4.3803e+09
4.38392e+09
4.38756e+09
4.39118e+09
4.39486e+09
4.39852e+09
4.40216e+09
4.40583e+09
4.40948e+09
4.4131e+09
4.41674e+09
4.42037e+09
4.42402e+09
4.42769e+09
4.43133e+09
4.43497e+09
4.43859e+09
4.44224e+09
4.44588e+09
4.4495e+09
4.45313e+09
4.45675e+09
4.46058e+09
4.46421e+09
4.46783e+09
4.47147e+09
4.4751e+09
4.47872e+09
4.48234e+09
4.48597e+09
4.48959e+09
4.49321e+09
4.49684e+09
4.50046e+09
4.50409e+09
4.50771e+09
4.51136e+09
4.51498e+09
4.51863e+09
4.52228e+09
4.52592e+09
4.52956e+09
4.53319e+09
4.53682e+09
4.54044e+09
4.54406e+09
4.54771e+09
4.55139e+09
4.55502e+09
4.55865e+09
4.56227e+09
4.56589e+09
4.56953e+09
4.57316e+09
4.5768e+09
4.58044e+09
4.58407e+09
4.5877e+09
4.59133e+09
4.59495e+09
4.5986e+09
4.60226e+09
4.60588e+09
4.6095e+09
4.61314e+09
4.61678e+09
4.6204e+09
4.62405e+09
4.62769e+09
4.63132e+09
4.63495e+09
4.63858e+09
4.64245e+09
4.64612e+09
4.64975e+09
4.6534e+09
4.65702e+09
4.66064e+09
4.66427e+09
4.66791e+09
4.67156e+09
4.6752e+09
4.67884e+09
4.68246e+09
4.68619e+09
4.68981e+09
4.69344e+09
4.69709e+09
4.70071e+09
4.70434e+09
4.70798e+09
4.71163e+09
4.71527e+09
4.7189e+09
4.72255e+09
4.7262e+09
4.72983e+09
4.73347e+09
4.73711e+09
4.74075e+09
4.74437e+09
4.74801e+09
4.75165e+09
4.75527e+09
4.75894e+09
4.76258e+09
4.76621e+09
4.76982e+09
4.77347e+09
4.77713e+09
4.78078e+09
4.7844e+09
4.78802e+09
4.79164e+09
4.79527e+09
4.79889e+09
4.80255e+09
4.8062e+09
4.80983e+09
4.81345e+09
4.81708e+09
4.82072e+09
4.82457e+09
4.82822e+09
4.83187e+09
4.8355e+09
4.83913e+09
4.84276e+09
4.84641e+09
4.85004e+09
4.85369e+09
4.85734e+09
4.86098e+09
4.86462e+09
4.86826e+09
4.8719e+09
4.87555e+09
4.87918e+09
4.88281e+09
4.88645e+09
4.89007e+09
4.89373e+09
4.89736e+09
4.901e+09
4.90465e+09
4.90829e+09
4.91193e+09
4.91556e+09
4.91918e+09
4.92284e+09
4.92656e+09
4.93018e+09
4.93383e+09
4.93748e+09
4.94112e+09
4.94478e+09
4.9484e+09
4.95203e+09
4.95566e+09
4.95929e+09
4.96292e+09
4.96656e+09
4.97021e+09
4.97385e+09
4.97751e+09
4.98121e+09
4.98484e+09
4.98849e+09
4.99213e+09
4.99577e+09
4.99942e+09
5.00304e+09
5.00692e+09
5.01054e+09
5.01419e+09
5.01782e+09
5.02144e+09
5.02519e+09
5.02886e+09
5.0325e+09
5.03614e+09
5.0398e+09
5.04348e+09
5.04711e+09
5.05074e+09
5.05437e+09
5.058e+09
5.06163e+09
5.06526e+09
5.06888e+09
5.07251e+09
5.07614e+09
5.07976e+09
5.08338e+09
5.08702e+09
5.09066e+09
5.09429e+09
5.09791e+09
5.10153e+09
5.10516e+09
5.10881e+09
5.11246e+09
5.11611e+09
5.11979e+09
5.12344e+09
5.12707e+09
5.1307e+09
5.13435e+09
5.13797e+09
5.14159e+09
5.14522e+09
5.14884e+09
5.15249e+09
5.15612e+09
5.15974e+09
5.16337e+09
5.16699e+09
5.17063e+09
5.17426e+09
5.17791e+09
5.18156e+09
5.18519e+09
5.18904e+09
5.19269e+09
5.19634e+09
5.19996e+09
5.2036e+09
5.20724e+09
5.21089e+09
5.21454e+09
5.21816e+09
5.22181e+09
5.22544e+09
5.22908e+09
5.23269e+09
5.23635e+09
5.23999e+09
5.24363e+09
5.24726e+09
5.2509e+09
5.25459e+09
5.25822e+09
5.26185e+09
5.26549e+09
5.26913e+09
5.27277e+09
5.2764e+09
5.28002e+09
5.28365e+09
5.28727e+09
5.29091e+09
5.29454e+09
5.2982e+09
5.30183e+09
5.30549e+09
5.30912e+09
5.31275e+09
5.3164e+09
5.32003e+09
5.32366e+09
5.32731e+09
5.33094e+09
5.33456e+09
5.33819e+09
5.34181e+09
5.34543e+09
5.34906e+09
5.35269e+09
5.35633e+09
5.35995e+09
5.3636e+09
5.36723e+09
5.37108e+09
5.37472e+09
5.37835e+09
5.38199e+09
5.38564e+09
5.38928e+09
5.39291e+09
5.39654e+09
5.40016e+09
5.40379e+09
5.40743e+09
5.41106e+09
5.4147e+09
5.41832e+09
5.42196e+09
5.42562e+09
5.42924e+09
5.43291e+09
5.43654e+09
5.44017e+09
5.4438e+09
5.44745e+09
5.4511e+09
5.45475e+09
5.4584e+09
5.46206e+09
5.46571e+09
5.46936e+09
5.47298e+09
5.47663e+09
5.48029e+09
5.48392e+09
5.48758e+09
5.49123e+09
5.49488e+09
5.49853e+09
5.50216e+09
5.50582e+09
5.50945e+09
5.51309e+09
5.51673e+09
5.52037e+09
5.52402e+09
5.52766e+09
5.53129e+09
5.53492e+09
5.53854e+09
5.54216e+09
5.5458e+09
5.54944e+09
5.55329e+09
5.55692e+09
5.56054e+09
5.56415e+09
5.56778e+09
5.57143e+09
5.57505e+09
5.57867e+09
5.58229e+09
5.58593e+09
5.58956e+09
5.59318e+09
5.5968e+09
5.60051e+09
5.60417e+09
5.6078e+09
5.61144e+09
5.61505e+09
5.61868e+09
5.62231e+09
5.62593e+09
5.62956e+09
5.63318e+09
5.63682e+09
5.64044e+09
5.6441e+09
5.64772e+09
5.65135e+09
5.65498e+09
5.65864e+09
5.66228e+09
5.66592e+09
5.66954e+09
5.67319e+09
5.67681e+09
5.68045e+09
5.6841e+09
5.68773e+09
5.69137e+09
5.695e+09
5.69862e+09
5.70224e+09
5.70586e+09
5.70949e+09
5.71311e+09
5.71673e+09
5.72036e+09
5.72398e+09
5.72761e+09
5.73124e+09
5.73509e+09
5.73872e+09
5.74236e+09
5.74598e+09
5.7496e+09
5.75324e+09
5.75686e+09
5.76049e+09
5.76413e+09
5.76777e+09
5.77141e+09
5.77505e+09
5.77866e+09
5.78229e+09
5.78595e+09
5.78957e+09
5.79321e+09
5.79688e+09
5.80051e+09
5.80452e+09
5.80814e+09
5.81176e+09
5.81542e+09
5.81905e+09
5.8227e+09
5.82635e+09
5.82998e+09
5.8336e+09
5.83726e+09
5.84091e+09
5.84455e+09
5.8482e+09
5.85182e+09
5.85546e+09
5.85908e+09
5.86271e+09
5.86634e+09
5.86997e+09
5.87359e+09
5.87721e+09
5.88083e+09
5.88445e+09
5.8881e+09
5.89172e+09
5.89535e+09
5.89899e+09
5.90264e+09
5.90628e+09
5.90991e+09
5.91355e+09
5.91738e+09
5.92101e+09
5.92464e+09
5.92828e+09
5.93192e+09
5.93554e+09
5.93919e+09
5.94283e+09
5.94646e+09
5.95009e+09
5.95371e+09
5.95733e+09
5.96095e+09
5.96457e+09
5.96819e+09
5.97181e+09
5.97545e+09
5.97907e+09
5.98269e+09
5.98633e+09
5.98995e+09
5.99358e+09
5.99721e+09
6.00085e+09
6.00448e+09
6.0081e+09
6.01176e+09
6.01538e+09
6.01902e+09
6.02267e+09
6.0263e+09
6.02992e+09
6.03355e+09
6.03717e+09
6.0408e+09
6.04443e+09
6.04806e+09
6.05168e+09
6.05533e+09
6.05896e+09
6.0626e+09
6.06622e+09
6.06984e+09
6.07346e+09
6.07707e+09
6.08069e+09
6.08433e+09
6.08796e+09
6.0916e+09
6.09527e+09
6.09913e+09
6.10276e+09
6.1064e+09
6.11004e+09
6.11369e+09
6.11734e+09
6.12096e+09
6.12458e+09
6.1282e+09
6.13183e+09
6.13546e+09
6.13909e+09
6.14273e+09
6.14635e+09
6.14999e+09
6.15363e+09
6.15725e+09
6.16088e+09
6.1645e+09
6.16814e+09
6.17177e+09
6.17541e+09
6.17904e+09
6.18266e+09
6.18631e+09
6.18995e+09
6.19357e+09
6.19719e+09
6.20083e+09
6.20446e+09
6.20808e+09
6.2117e+09
6.21531e+09
6.21894e+09
6.22259e+09
6.22622e+09
6.22986e+09
6.23349e+09
6.23712e+09
6.24075e+09
6.24437e+09
6.24802e+09
6.25165e+09
6.2553e+09
6.25896e+09
6.26259e+09
6.26623e+09
6.26985e+09
6.27349e+09
6.27712e+09
6.28096e+09
6.28458e+09
6.28821e+09
6.29184e+09
6.29549e+09
6.29911e+09
6.30273e+09
6.30638e+09
6.31001e+09
6.31363e+09
6.31728e+09
6.32094e+09
6.32457e+09
6.3282e+09
6.33184e+09
6.33549e+09
6.33912e+09
6.34277e+09
6.3464e+09
6.35008e+09
6.35371e+09
6.35732e+09
6.36094e+09
6.36459e+09
6.36823e+09
6.37185e+09
6.37548e+09
6.37913e+09
6.38276e+09
6.38639e+09
6.39002e+09
6.39366e+09
6.39733e+09
6.40095e+09
6.40458e+09
6.40821e+09
6.41186e+09
6.41549e+09
6.41912e+09
6.42277e+09
6.42642e+09
6.43006e+09
6.43368e+09
6.43732e+09
6.44096e+09
6.44459e+09
6.44835e+09
6.45199e+09
6.45567e+09
6.4593e+09
6.46317e+09
6.46683e+09
6.47048e+09
6.47413e+09
6.47774e+09
6.4814e+09
6.48503e+09
6.48865e+09
6.49227e+09
6.4959e+09
6.49953e+09
6.50318e+09
6.50683e+09
6.51046e+09
6.5141e+09
6.51775e+09
6.52138e+09
6.52501e+09
6.52864e+09
6.53226e+09
6.53588e+09
6.5395e+09
6.54312e+09
6.54675e+09
6.55038e+09
6.554e+09
6.55762e+09
6.5613e+09
6.56492e+09
6.56854e+09
6.57216e+09
6.57578e+09
6.5794e+09
6.58306e+09
6.58668e+09
6.5903e+09
6.59393e+09
6.59755e+09
6.60117e+09
6.60481e+09
6.60844e+09
6.61206e+09
6.61568e+09
6.61933e+09
6.62295e+09
6.6266e+09
6.63022e+09
6.63385e+09
6.63747e+09
6.64109e+09
6.64493e+09
6.64856e+09
6.65219e+09
6.65583e+09
6.65946e+09
6.66309e+09
6.66671e+09
6.67037e+09
6.67399e+09
6.6776e+09
6.68123e+09
6.68485e+09
6.68847e+09
6.6921e+09
6.69573e+09
6.69937e+09
6.70305e+09
6.7067e+09
6.71033e+09
6.71397e+09
6.71762e+09
6.72126e+09
6.72488e+09
6.7285e+09
6.73213e+09
6.73575e+09
6.7394e+09
6.74302e+09
6.74664e+09
6.75026e+09
6.7539e+09
6.75756e+09
6.76122e+09
6.76484e+09
6.76847e+09
6.7721e+09
6.77572e+09
6.77935e+09
6.78298e+09
6.7866e+09
6.79026e+09
6.79389e+09
6.79751e+09
6.80113e+09
6.80475e+09
6.80838e+09
6.812e+09
6.81562e+09
6.81926e+09
6.82288e+09
6.82675e+09
6.83037e+09
6.83399e+09
6.83776e+09
6.84195e+09
6.84653e+09
6.85085e+09
6.85523e+09
6.85929e+09
6.86345e+09
6.86749e+09
6.87139e+09
6.87521e+09
6.87933e+09
6.88364e+09
6.88756e+09
6.89151e+09
6.89526e+09
6.89903e+09
6.90288e+09
6.90664e+09
6.9103e+09
6.91444e+09
6.91842e+09
6.92212e+09
6.92604e+09
6.92973e+09
6.93339e+09
6.93728e+09
6.94112e+09
6.94483e+09
6.94861e+09
6.95231e+09
6.95636e+09
6.96059e+09
6.96471e+09
6.9687e+09
6.97279e+09
6.97685e+09
6.98097e+09
6.98483e+09
6.98869e+09
6.99245e+09
6.99618e+09
7.00026e+09
7.0041e+09
7.00828e+09
7.01212e+09
7.01594e+09
7.01965e+09
7.02358e+09
7.02733e+09
7.03113e+09
7.03503e+09
7.03876e+09
7.04256e+09
7.04649e+09
7.0503e+09
7.05408e+09
7.05788e+09
7.06194e+09
7.06572e+09
7.06976e+09
7.07361e+09
7.07746e+09
7.08122e+09
7.08506e+09
7.08898e+09
7.09352e+09
7.09768e+09
7.10167e+09
7.10569e+09
7.10945e+09
7.11347e+09
7.11737e+09
7.12132e+09
7.12505e+09
7.12872e+09
7.13245e+09
7.13614e+09
7.13988e+09
7.1436e+09
7.14741e+09
7.15118e+09
7.15517e+09
7.15918e+09
7.16312e+09
7.16721e+09
7.17132e+09
7.17527e+09
7.17915e+09
7.18283e+09
7.18647e+09
7.19026e+09
7.19389e+09
7.1979e+09
7.20214e+09
7.20578e+09
7.20941e+09
7.21327e+09
7.2173e+09
7.22104e+09
7.22471e+09
7.22835e+09
7.23203e+09
7.23573e+09
7.23964e+09
7.2436e+09
7.24733e+09
7.2513e+09
7.25532e+09
7.25903e+09
7.26269e+09
7.26634e+09
7.26999e+09
7.27363e+09
7.2773e+09
7.28104e+09
7.28502e+09
7.28883e+09
7.29271e+09
7.2964e+09
7.30003e+09
7.30367e+09
7.30741e+09
7.31113e+09
7.31505e+09
7.31875e+09
7.3228e+09
7.32682e+09
7.33066e+09
7.33461e+09
7.33857e+09
7.34255e+09
7.34633e+09
7.35005e+09
7.35379e+09
7.35763e+09
7.36142e+09
7.36523e+09
7.36902e+09
7.37283e+09
7.37664e+09
7.38045e+09
7.38427e+09
7.38807e+09
7.39195e+09
7.39576e+09
7.39971e+09
7.40373e+09
7.40771e+09
7.41165e+09
7.4155e+09
7.41935e+09
7.42312e+09
7.42694e+09
7.43089e+09
7.43486e+09
7.439e+09
7.44281e+09
7.44677e+09
7.45056e+09
7.45434e+09
7.45823e+09
7.46198e+09
7.46579e+09
7.46949e+09
7.47322e+09
7.47693e+09
7.48063e+09
7.48431e+09
7.48803e+09
7.49175e+09
7.49547e+09
7.49925e+09
7.50322e+09
7.50695e+09
7.51063e+09
7.51435e+09
7.51798e+09
7.52196e+09
7.52572e+09
7.52938e+09
7.53308e+09
7.53681e+09
7.54071e+09
7.54443e+09
7.54811e+09
7.55182e+09
7.55616e+09
7.56044e+09
7.56432e+09
7.56802e+09
7.57178e+09
7.57564e+09
7.57938e+09
7.58318e+09
7.58693e+09
7.59085e+09
7.59458e+09
7.59854e+09
7.60237e+09
7.60664e+09
7.61043e+09
7.61436e+09
7.61806e+09
7.62202e+09
7.62585e+09
7.62993e+09
7.63409e+09
7.63803e+09
7.64185e+09
7.64561e+09
7.64941e+09
7.65355e+09
7.65773e+09
7.66161e+09
7.66558e+09
7.66963e+09
7.67351e+09
7.67743e+09
7.68136e+09
7.68523e+09
7.68909e+09
7.69299e+09
7.69687e+09
7.70085e+09
7.70469e+09
7.70839e+09
7.71232e+09
7.71633e+09
7.72015e+09
7.72385e+09
7.72819e+09
7.73227e+09
7.73609e+09
7.73993e+09
7.74376e+09
7.74755e+09
7.75132e+09
7.75515e+09
7.75887e+09
7.76272e+09
7.76643e+09
7.77013e+09
7.77381e+09
7.77752e+09
7.78123e+09
7.78526e+09
7.78948e+09
7.79354e+09
7.79745e+09
7.80146e+09
7.80523e+09
7.80888e+09
7.81284e+09
7.81711e+09
7.82107e+09
7.825e+09
7.82876e+09
7.83287e+09
7.83671e+09
7.84064e+09
7.84465e+09
7.84844e+09
7.85241e+09
7.85639e+09
7.8602e+09
7.86405e+09
7.86789e+09
7.87169e+09
7.87546e+09
7.87958e+09
7.88387e+09
7.88801e+09
7.89182e+09
7.89562e+09
7.89951e+09
7.90323e+09
7.9069e+09
7.91099e+09
7.91482e+09
7.9185e+09
7.92246e+09
7.92651e+09
7.93022e+09
7.93385e+09
7.93751e+09
7.94164e+09
7.94565e+09
7.94961e+09
7.9536e+09
7.95768e+09
7.96168e+09
7.96559e+09
7.96978e+09
7.97376e+09
7.97765e+09
7.98141e+09
7.98548e+09
7.98964e+09
7.99366e+09
7.9975e+09
8.00128e+09
8.00524e+09
8.00901e+09
8.01278e+09
8.01661e+09
8.02044e+09
8.02419e+09
8.02798e+09
8.03173e+09
8.03547e+09
8.03913e+09
8.04278e+09
8.04644e+09
8.05017e+09
8.05413e+09
8.05782e+09
8.06147e+09
8.06511e+09
8.06889e+09
8.07271e+09
8.0764e+09
8.08006e+09
8.08375e+09
8.08741e+09
8.09104e+09
8.0947e+09
8.09841e+09
8.10217e+09
8.10589e+09
8.10984e+09
8.11356e+09
8.11727e+09
8.12103e+09
8.12479e+09
8.1285e+09
8.13228e+09
8.13606e+09
8.13998e+09
8.14372e+09
8.14747e+09
8.15126e+09
8.15504e+09
8.15882e+09
8.16254e+09
8.16652e+09
8.17043e+09
8.17424e+09
8.1782e+09
8.18193e+09
8.18574e+09
8.18959e+09
8.19339e+09
8.19725e+09
8.20103e+09
8.20482e+09
8.2086e+09
8.21235e+09
8.21607e+09
8.21979e+09
8.22349e+09
8.22718e+09
8.23085e+09
8.23452e+09
8.2382e+09
8.242e+09
8.24604e+09
8.24972e+09
8.25342e+09
8.25709e+09
8.26077e+09
8.26454e+09
8.26823e+09
8.27194e+09
8.2756e+09
8.27926e+09
8.28295e+09
8.28667e+09
8.29038e+09
8.29412e+09
8.29811e+09
8.30178e+09
8.30555e+09
8.3092e+09
8.31331e+09
8.31745e+09
8.32125e+09
8.32527e+09
8.32926e+09
8.33321e+09
8.33711e+09
8.34098e+09
8.34508e+09
8.34901e+09
8.35267e+09
8.35635e+09
8.36016e+09
8.36403e+09
8.36809e+09
8.372e+09
8.37589e+09
8.3798e+09
8.38382e+09
8.38781e+09
8.39164e+09
8.39559e+09
8.39925e+09
8.40319e+09
8.40736e+09
8.4115e+09
8.41538e+09
8.41917e+09
8.42294e+09
8.42662e+09
8.43039e+09
8.43432e+09
8.43811e+09
8.44198e+09
8.44575e+09
8.44943e+09
8.45319e+09
8.45715e+09
8.46097e+09
8.46477e+09
8.46858e+09
8.47239e+09
8.47627e+09
8.48016e+09
8.48387e+09
8.48761e+09
8.49129e+09
8.49491e+09
8.4986e+09
8.50249e+09
8.50617e+09
8.50982e+09
8.51345e+09
8.51708e+09
8.52074e+09
8.52439e+09
8.52829e+09
8.53205e+09
8.53574e+09
8.53964e+09
8.5437e+09
8.54788e+09
8.55166e+09
8.55547e+09
8.56005e+09
8.56392e+09
8.56775e+09
8.57145e+09
8.57514e+09
8.57879e+09
8.58242e+09
8.58605e+09
8.5897e+09
8.59333e+09
8.59729e+09
8.60135e+09
8.60532e+09
8.6095e+09
8.61332e+09
8.61697e+09
8.62059e+09
8.62482e+09
8.62858e+09
8.63256e+09
8.63661e+09
8.64029e+09
8.64396e+09
8.6476e+09
8.65127e+09
8.65498e+09
8.65864e+09
8.66229e+09
8.66596e+09
8.6696e+09
8.67325e+09
8.67688e+09
8.68052e+09
8.68418e+09
8.68781e+09
8.69186e+09
8.69552e+09
8.69917e+09
8.70281e+09
8.70647e+09
8.71019e+09
8.71383e+09
8.71748e+09
8.72127e+09
8.72509e+09
8.72893e+09
8.73274e+09
8.73653e+09
8.74052e+09
8.74439e+09
8.7484e+09
8.7522e+09
8.75598e+09
8.75976e+09
8.76361e+09
8.7674e+09
8.77119e+09
8.77498e+09
8.77887e+09
8.78278e+09
8.78659e+09
8.79038e+09
8.79418e+09
8.79795e+09
8.80174e+09
8.80556e+09
8.8095e+09
8.81338e+09
8.81726e+09
8.82103e+09
8.82494e+09
8.82869e+09
8.83259e+09
8.83644e+09
8.84025e+09
8.84413e+09
8.84799e+09
8.85176e+09
8.85559e+09
8.85936e+09
8.86315e+09
8.86694e+09
8.87071e+09
8.8745e+09
8.87832e+09
8.88208e+09
8.88597e+09
8.88974e+09
8.89356e+09
8.89736e+09
8.90116e+09
8.90501e+09
8.9088e+09
8.91258e+09
8.91641e+09
8.92018e+09
8.92399e+09
8.92789e+09
8.93178e+09
8.93558e+09
8.93956e+09
8.94337e+09
8.94722e+09
8.95098e+09
8.95474e+09
8.95852e+09
8.96229e+09
8.96618e+09
8.96997e+09
8.97373e+09
8.97754e+09
8.98139e+09
8.98522e+09
8.98922e+09
8.993e+09
8.9968e+09
9.00066e+09
9.00439e+09
9.00824e+09
9.01202e+09
9.01582e+09
9.01967e+09
9.02345e+09
9.02729e+09
9.0311e+09
9.03494e+09
9.03881e+09
9.04299e+09
9.04691e+09
9.0507e+09
9.05445e+09
9.05825e+09
9.06202e+09
9.06579e+09
9.06968e+09
9.07365e+09
9.07746e+09
9.08137e+09
9.08523e+09
9.08904e+09
9.09283e+09
9.09675e+09
9.10059e+09
9.10455e+09
9.10842e+09
9.11223e+09
9.116e+09
9.11984e+09
9.12364e+09
9.12741e+09
9.1314e+09
9.13519e+09
9.13896e+09
9.14277e+09
9.14661e+09
9.15043e+09
9.15423e+09
9.158e+09
9.1618e+09
9.16558e+09
9.1694e+09
9.17319e+09
9.17696e+09
9.18076e+09
9.18456e+09
9.18835e+09
9.19222e+09
9.19604e+09
9.19985e+09
9.20368e+09
9.20748e+09
9.21132e+09
9.2152e+09
9.21897e+09
9.2228e+09
9.22663e+09
9.23038e+09
9.23419e+09
9.23801e+09
9.24184e+09
9.24565e+09
9.24948e+09
9.25326e+09
9.25709e+09
9.26098e+09
9.26481e+09
9.26865e+09
9.27253e+09
9.27638e+09
9.28024e+09
9.2842e+09
9.28812e+09
9.29197e+09
9.29585e+09
9.29966e+09
9.30345e+09
9.30741e+09
9.3112e+09
9.31505e+09
9.31892e+09
9.32289e+09
9.32672e+09
9.33067e+09
9.33451e+09
9.33844e+09
9.34226e+09
9.34611e+09
9.35003e+09
9.35385e+09
9.35764e+09
9.36154e+09
9.36537e+09
9.36921e+09
9.37311e+09
9.37694e+09
9.38077e+09
9.38457e+09
9.3884e+09
9.39231e+09
9.39614e+09
9.40004e+09
9.40431e+09
9.40808e+09
9.41189e+09
9.41566e+09
9.41949e+09
9.4234e+09
9.42722e+09
9.43108e+09
9.43484e+09
9.4386e+09
9.44243e+09
9.44624e+09
9.45003e+09
9.45387e+09
9.45777e+09
9.46163e+09
9.4655e+09
9.46924e+09
9.47299e+09
9.47684e+09
9.48065e+09
9.48444e+09
9.48828e+09
9.49215e+09
9.49596e+09
9.4998e+09
9.50358e+09
9.50739e+09
9.51118e+09
9.51525e+09
9.51909e+09
9.52291e+09
9.5269e+09
9.53104e+09
9.53483e+09
9.53862e+09
9.54242e+09
9.5463e+09
9.55015e+09
9.55397e+09
9.55772e+09
9.56154e+09
9.56574e+09
9.56981e+09
9.57362e+09
9.57743e+09
9.58122e+09
9.5854e+09
9.58949e+09
9.59328e+09
9.59707e+09
9.60095e+09
9.60472e+09
9.6085e+09
9.61234e+09
9.61615e+09
9.62006e+09
9.6238e+09
9.62763e+09
9.63179e+09
9.6356e+09
9.63942e+09
9.64318e+09
9.64699e+09
9.65083e+09
9.6547e+09
9.65839e+09
9.66217e+09
9.66591e+09
9.66955e+09
9.67321e+09
9.67685e+09
9.68055e+09
9.68428e+09
9.6882e+09
9.69184e+09
9.69548e+09
9.69954e+09
9.7037e+09
9.70768e+09
9.71174e+09
9.71548e+09
9.71919e+09
9.72293e+09
9.72665e+09
9.73037e+09
9.73415e+09
9.73789e+09
9.74167e+09
9.74538e+09
9.74907e+09
9.75274e+09
9.75646e+09
9.7604e+09
9.76431e+09
9.76812e+09
9.77186e+09
9.77555e+09
9.77922e+09
9.78287e+09
9.78656e+09
9.79023e+09
9.79391e+09
9.79755e+09
9.80125e+09
9.8049e+09
9.80856e+09
9.81222e+09
9.81587e+09
9.81954e+09
9.82318e+09
9.82685e+09
9.83049e+09
9.83412e+09
9.83776e+09
9.84162e+09
9.84541e+09
9.84922e+09
9.85304e+09
9.85685e+09
9.8607e+09
9.8645e+09
9.8683e+09
9.87222e+09
9.87605e+09
9.8803e+09
9.88425e+09
9.88809e+09
9.89201e+09
9.89603e+09
9.89984e+09
9.90367e+09
9.9076e+09
9.91145e+09
9.91533e+09
9.9192e+09
9.92297e+09
9.92685e+09
9.93067e+09
9.93449e+09
9.93856e+09
9.9424e+09
9.94615e+09
9.94993e+09
9.95369e+09
9.95749e+09
9.96129e+09
9.96506e+09
9.96886e+09
9.97261e+09
9.9764e+09
9.98021e+09
9.98405e+09
9.9879e+09
9.99172e+09
9.99552e+09
9.99945e+09
1.00032e+10
1.0007e+10
1.00108e+10
1.00146e+10
1.00184e+10
1.00222e+10
1.0026e+10
1.00298e+10
1.00336e+10
1.00374e+10
1.00412e+10
1.0045e+10
1.00488e+10
1.00526e+10
1.00563e+10
1.00602e+10
1.0064e+10
1.00678e+10
1.00716e+10
1.00754e+10
1.00792e+10
1.00831e+10
1.00873e+10
1.0091e+10
1.00947e+10
1.00983e+10
1.0102e+10
1.01057e+10
1.01093e+10
1.0113e+10
1.01167e+10
1.01203e+10
1.0124e+10
1.01276e+10
1.01312e+10
1.01349e+10
1.01385e+10
1.01421e+10
1.01458e+10
1.01494e+10
1.01531e+10
1.01567e+10
1.01603e+10
1.0164e+10
1.01676e+10
1.01712e+10
1.01749e+10
1.01785e+10
1.01821e+10
1.01858e+10
1.01894e+10
1.0193e+10
1.01967e+10
1.02003e+10
1.02039e+10
1.02078e+10
1.02117e+10
1.02153e+10
1.02189e+10
1.02226e+10
1.02262e+10
1.02299e+10
1.02335e+10
1.02372e+10
1.02408e+10
1.02445e+10
1.02481e+10
1.02517e+10
1.02554e+10
1.0259e+10
1.02626e+10
1.02663e+10
1.027e+10
1.02737e+10
1.02773e+10
1.0281e+10
1.02846e+10
1.02883e+10
1.02923e+10
1.0296e+10
1.02996e+10
1.03033e+10
1.03069e+10
1.03106e+10
1.03143e+10
1.03179e+10
1.03216e+10
1.03253e+10
1.0329e+10
1.03331e+10
1.03367e+10
1.03403e+10
1.0344e+10
1.03476e+10
1.03512e+10
1.03549e+10
1.03585e+10
1.03623e+10
1.03663e+10
1.03699e+10
1.03735e+10
1.03772e+10
1.03808e+10
1.03845e+10
1.03882e+10
1.03919e+10
1.03957e+10
1.03996e+10
1.04032e+10
1.04069e+10
1.04105e+10
1.04141e+10
1.04178e+10
1.04214e+10
1.04251e+10
1.0429e+10
1.04329e+10
1.04365e+10
1.04402e+10
1.04438e+10
1.04475e+10
1.04511e+10
1.04549e+10
1.04585e+10
1.04623e+10
1.04663e+10
1.04699e+10
1.04735e+10
1.04772e+10
1.04808e+10
1.04844e+10
1.04881e+10
1.04917e+10
1.04955e+10
1.04994e+10
1.05031e+10
1.05067e+10
1.05104e+10
1.0514e+10
1.05177e+10
1.05213e+10
1.05249e+10
1.05286e+10
1.05323e+10
1.0536e+10
1.05397e+10
1.05433e+10
1.0547e+10
1.05506e+10
1.05542e+10
1.05579e+10
1.05615e+10
1.05651e+10
1.05687e+10
1.05724e+10
1.0576e+10
1.05797e+10
1.05833e+10
1.0587e+10
1.0591e+10
1.05948e+10
1.05984e+10
1.0602e+10
1.06057e+10
1.06093e+10
1.06129e+10
1.06166e+10
1.06202e+10
1.06242e+10
1.0628e+10
1.06316e+10
1.06352e+10
1.0639e+10
1.06427e+10
1.06464e+10
1.065e+10
1.06537e+10
1.06578e+10
1.06615e+10
1.06651e+10
1.06688e+10
1.06724e+10
1.0676e+10
1.06797e+10
1.06833e+10
1.06872e+10
1.06915e+10
1.06952e+10
1.06988e+10
1.07025e+10
1.07062e+10
1.071e+10
1.07139e+10
1.07179e+10
1.07222e+10
1.07262e+10
1.07303e+10
1.07345e+10
1.07384e+10
1.07423e+10
1.07461e+10
1.075e+10
1.07539e+10
1.07578e+10
1.07617e+10
1.07656e+10
1.07694e+10
1.07733e+10
1.07772e+10
1.0781e+10
1.07848e+10
1.07887e+10
1.07926e+10
1.07964e+10
1.08002e+10
1.08041e+10
1.08079e+10
1.08118e+10
1.08157e+10
1.08196e+10
1.08234e+10
1.08273e+10
1.08313e+10
1.08352e+10
1.08391e+10
1.08429e+10
1.08467e+10
1.08506e+10
1.08545e+10
1.08583e+10
1.08622e+10
1.0866e+10
1.08698e+10
1.08736e+10
1.08774e+10
1.08812e+10
1.0885e+10
1.08889e+10
1.08927e+10
1.08966e+10
1.09005e+10
1.09043e+10
1.09082e+10
1.0912e+10
1.09158e+10
1.09197e+10
1.09235e+10
1.09274e+10
1.09313e+10
1.09351e+10
1.09389e+10
1.09427e+10
1.09466e+10
1.09504e+10
1.09543e+10
1.09581e+10
1.0962e+10
1.09658e+10
1.09696e+10
1.09734e+10
1.09773e+10
1.09812e+10
1.0985e+10
1.09888e+10
1.09926e+10
1.09965e+10
1.10003e+10
1.10042e+10
1.10081e+10
1.10122e+10
1.10161e+10
1.10199e+10
1.10239e+10
1.10278e+10
1.10316e+10
1.10354e+10
1.10392e+10
1.1043e+10
1.10469e+10
1.10507e+10
1.10546e+10
1.10584e+10
1.10622e+10
1.1066e+10
1.10698e+10
1.10736e+10
1.10775e+10
1.10812e+10
1.10851e+10
1.10889e+10
1.10926e+10
1.10965e+10
1.11004e+10
1.11042e+10
1.11081e+10
1.11119e+10
1.11158e+10
1.11197e+10
1.11235e+10
1.11274e+10
1.11312e+10
1.11351e+10
1.11389e+10
1.11427e+10
1.11466e+10
1.11504e+10
1.11543e+10
1.11581e+10
1.11619e+10
1.11657e+10
1.11696e+10
1.11734e+10
1.11773e+10
1.11811e+10
1.1185e+10
1.11888e+10
1.11928e+10
1.11966e+10
1.12005e+10
1.12047e+10
1.12086e+10
1.12126e+10
1.12166e+10
1.12205e+10
1.12243e+10
1.12281e+10
1.1232e+10
1.12358e+10
1.12397e+10
1.12435e+10
1.12473e+10
1.12512e+10
1.12549e+10
1.12588e+10
1.12627e+10
1.12664e+10
1.12702e+10
1.12741e+10
1.12778e+10
1.12817e+10
1.12854e+10
1.12892e+10
1.1293e+10
1.12968e+10
1.13007e+10
1.13045e+10
1.13083e+10
1.13121e+10
1.1316e+10
1.13198e+10
1.13236e+10
1.13275e+10
1.13313e+10
1.13353e+10
1.1339e+10
1.13426e+10
1.13463e+10
1.13499e+10
1.13536e+10
1.13572e+10
1.13608e+10
1.13645e+10
1.13681e+10
1.13718e+10
1.13754e+10
1.13791e+10
1.13828e+10
1.13864e+10
1.13901e+10
1.13937e+10
1.13974e+10
1.14011e+10
1.14049e+10
1.14085e+10
1.14121e+10
1.14158e+10
1.14195e+10
1.14231e+10
1.14268e+10
1.14304e+10
1.14341e+10
1.14377e+10
1.14413e+10
1.1445e+10
1.14486e+10
1.14522e+10
1.14559e+10
1.14595e+10
1.14631e+10
1.14668e+10
1.14704e+10
1.14741e+10
1.14777e+10
1.14813e+10
1.14849e+10
1.14886e+10
1.14926e+10
1.14963e+10
1.14999e+10
1.15035e+10
1.15072e+10
1.15109e+10
1.15145e+10
1.15182e+10
1.15219e+10
1.15259e+10
1.15295e+10
1.15332e+10
1.15368e+10
1.15404e+10
1.15441e+10
1.15477e+10
1.15514e+10
1.15551e+10
1.15591e+10
1.15627e+10
1.15664e+10
1.157e+10
1.15736e+10
1.15774e+10
1.1581e+10
1.15846e+10
1.15886e+10
1.15925e+10
1.15961e+10
1.15998e+10
1.16034e+10
1.1607e+10
1.16106e+10
1.16143e+10
1.16179e+10
1.16218e+10
1.16256e+10
1.16294e+10
1.16331e+10
1.16371e+10
1.1641e+10
1.16448e+10
1.16485e+10
1.16523e+10
1.16559e+10
1.16596e+10
1.16633e+10
1.1667e+10
1.16707e+10
1.16743e+10
1.16781e+10
1.16817e+10
1.16854e+10
1.1689e+10
1.16927e+10
1.16964e+10
1.17001e+10
1.17037e+10
1.17074e+10
1.1711e+10
1.17148e+10
1.17185e+10
1.17222e+10
1.17258e+10
1.17295e+10
1.17331e+10
1.17368e+10
1.17406e+10
1.17444e+10
1.17483e+10
1.17519e+10
1.17556e+10
1.17593e+10
1.17631e+10
1.17668e+10
1.17705e+10
1.17746e+10
1.17783e+10
1.1782e+10
1.17856e+10
1.17892e+10
1.17929e+10
1.17966e+10
1.18005e+10
1.18042e+10
1.18079e+10
1.18116e+10
1.18154e+10
1.18191e+10
1.18228e+10
1.18264e+10
1.18301e+10
1.18338e+10
1.18374e+10
1.18411e+10
1.18448e+10
1.18485e+10
1.18522e+10
1.18559e+10
1.18597e+10
1.18638e+10
1.18676e+10
1.18714e+10
1.18755e+10
1.18793e+10
1.18833e+10
1.18873e+10
1.18912e+10
1.18951e+10
1.18989e+10
1.19027e+10
1.19067e+10
1.19107e+10
1.19148e+10
1.19188e+10
1.19227e+10
1.19267e+10
1.19307e+10
1.19346e+10
1.19384e+10
1.19422e+10
1.1946e+10
1.19498e+10
1.19535e+10
1.19573e+10
1.19611e+10
1.19651e+10
1.19694e+10
1.19731e+10
1.19768e+10
1.19805e+10
1.19842e+10
1.1988e+10
1.19917e+10
1.19955e+10
1.19993e+10
1.2003e+10
1.20067e+10
1.20104e+10
1.20141e+10
1.20178e+10
1.20215e+10
1.20252e+10
1.2029e+10
1.20327e+10
1.20365e+10
1.20403e+10
1.2044e+10
1.20477e+10
1.20515e+10
1.20552e+10
1.20589e+10
1.20627e+10
1.20665e+10
1.20703e+10
1.20742e+10
1.2078e+10
1.20819e+10
1.2086e+10
1.20897e+10
1.20935e+10
1.20972e+10
1.2101e+10
1.21047e+10
1.21084e+10
1.21121e+10
1.21159e+10
1.21196e+10
1.21233e+10
1.2127e+10
1.21307e+10
1.21345e+10
1.21384e+10
1.21422e+10
1.21459e+10
1.21496e+10
1.21534e+10
1.21571e+10
1.21608e+10
1.21644e+10
1.21681e+10
1.21719e+10
1.21756e+10
1.21793e+10
1.21829e+10
1.21866e+10
1.21902e+10
1.21939e+10
1.21975e+10
1.22012e+10
1.22049e+10
1.22085e+10
1.22123e+10
1.22163e+10
1.222e+10
1.22236e+10
1.22272e+10
1.22309e+10
1.22345e+10
1.22382e+10
1.22418e+10
1.22455e+10
1.22491e+10
1.22527e+10
1.22564e+10
1.226e+10
1.22637e+10
1.22677e+10
1.22714e+10
1.2275e+10
1.22787e+10
1.22823e+10
1.2286e+10
1.22896e+10
1.22933e+10
1.2297e+10
1.2301e+10
1.23047e+10
1.23083e+10
1.2312e+10
1.23156e+10
1.23192e+10
1.23229e+10
1.23265e+10
1.23302e+10
1.23339e+10
1.23378e+10
1.23414e+10
1.2345e+10
1.23487e+10
1.23523e+10
1.2356e+10
1.23596e+10
1.23633e+10
1.23669e+10
1.23706e+10
1.23742e+10
1.23778e+10
1.23815e+10
1.23851e+10
1.23888e+10
1.23929e+10
1.23966e+10
1.24003e+10
1.24039e+10
1.24076e+10
1.24112e+10
1.24149e+10
1.24186e+10
1.24225e+10
1.24264e+10
1.243e+10
1.24336e+10
1.24373e+10
1.24409e+10
1.24445e+10
1.24481e+10
1.24518e+10
1.24558e+10
1.24595e+10
1.24632e+10
1.24668e+10
1.24704e+10
1.24741e+10
1.24778e+10
1.24814e+10
1.24851e+10
1.24887e+10
1.24923e+10
1.2496e+10
1.24996e+10
1.25032e+10
1.25073e+10
1.2511e+10
1.25146e+10
1.25183e+10
1.25221e+10
1.25257e+10
1.25294e+10
1.25331e+10
1.25368e+10
1.25404e+10
1.2544e+10
1.25477e+10
1.25517e+10
1.25553e+10
1.25589e+10
1.25626e+10
1.25662e+10
1.25698e+10
1.25735e+10
1.25772e+10
1.25808e+10
1.25849e+10
1.25886e+10
1.25923e+10
1.25959e+10
1.25995e+10
1.26032e+10
1.26068e+10
1.26104e+10
1.26141e+10
1.26181e+10
1.26218e+10
1.26254e+10
1.2629e+10
1.26327e+10
1.26363e+10
1.264e+10
1.26436e+10
1.26473e+10
1.26509e+10
1.26546e+10
1.26582e+10
1.26619e+10
1.26655e+10
1.26691e+10
1.26728e+10
1.26764e+10
1.268e+10
1.26837e+10
1.26873e+10
1.26912e+10
1.2695e+10
1.26986e+10
1.27022e+10
1.2706e+10
1.27096e+10
1.27133e+10
1.27169e+10
1.27206e+10
1.27246e+10
1.27283e+10
1.27319e+10
1.27356e+10
1.27392e+10
1.27428e+10
1.27465e+10
1.27501e+10
1.27538e+10
1.27578e+10
1.27615e+10
1.27651e+10
1.27688e+10
1.27725e+10
1.27762e+10
1.27798e+10
1.27837e+10
1.27875e+10
1.27913e+10
1.2795e+10
1.27986e+10
1.28025e+10
1.28063e+10
1.28099e+10
1.28136e+10
1.28173e+10
1.28209e+10
1.28246e+10
1.28283e+10
1.28319e+10
1.28356e+10
1.28396e+10
1.28433e+10
1.2847e+10
1.28507e+10
1.28543e+10
1.2858e+10
1.28616e+10
1.28654e+10
1.28691e+10
1.28728e+10
1.28764e+10
1.28802e+10
1.28838e+10
1.28875e+10
1.28915e+10
1.28952e+10
1.2899e+10
1.29029e+10
1.29071e+10
1.29111e+10
1.29154e+10
1.29194e+10
1.29233e+10
1.29272e+10
1.29311e+10
1.29352e+10
1.29396e+10
1.29439e+10
1.29481e+10
1.29521e+10
1.29562e+10
1.29603e+10
1.29643e+10
1.29682e+10
1.29721e+10
1.29762e+10
1.29802e+10
1.29842e+10
1.29881e+10
1.2992e+10
1.29959e+10
1.29999e+10
1.30042e+10
1.3008e+10
1.30117e+10
1.30156e+10
1.30196e+10
1.30235e+10
1.30273e+10
1.30312e+10
1.30352e+10
1.30391e+10
1.3043e+10
1.30471e+10
1.30513e+10
1.30552e+10
1.30592e+10
1.30634e+10
1.30678e+10
1.30723e+10
1.30766e+10
1.30808e+10
1.30849e+10
1.30887e+10
1.30926e+10
1.30963e+10
1.31004e+10
1.31042e+10
1.3108e+10
1.31124e+10
1.31162e+10
1.31199e+10
1.3124e+10
1.31283e+10
1.31325e+10
1.31366e+10
1.31409e+10
1.31449e+10
1.31486e+10
1.31526e+10
1.31564e+10
1.31608e+10
1.31647e+10
1.31686e+10
1.31726e+10
1.31763e+10
1.318e+10
1.31837e+10
1.31876e+10
1.31914e+10
1.31954e+10
1.31991e+10
1.32029e+10
1.32066e+10
1.32102e+10
1.32139e+10
1.32177e+10
1.32214e+10
1.32251e+10
1.32288e+10
1.32324e+10
1.32361e+10
1.32398e+10
1.32434e+10
1.32471e+10
1.32507e+10
1.32543e+10
1.32579e+10
1.32616e+10
1.32652e+10
1.32689e+10
1.32725e+10
1.32761e+10
1.32798e+10
1.32835e+10
1.32872e+10
1.32908e+10
1.32945e+10
1.32981e+10
1.33018e+10
1.33055e+10
1.33091e+10
1.33127e+10
1.33164e+10
1.33204e+10
1.33241e+10
1.33278e+10
1.33314e+10
1.3335e+10
1.33387e+10
1.33423e+10
1.3346e+10
1.33496e+10
1.33536e+10
1.33574e+10
1.3361e+10
1.33647e+10
1.33683e+10
1.3372e+10
1.33756e+10
1.33793e+10
1.33829e+10
1.33869e+10
1.33906e+10
1.33943e+10
1.3398e+10
1.34016e+10
1.34052e+10
1.34089e+10
1.34125e+10
1.34162e+10
1.34198e+10
1.34235e+10
1.34271e+10
1.34308e+10
1.34349e+10
1.34385e+10
1.34421e+10
1.34458e+10
1.34495e+10
1.34533e+10
1.3457e+10
1.34607e+10
1.34646e+10
1.34685e+10
1.34721e+10
1.34758e+10
1.34795e+10
1.34831e+10
1.34868e+10
1.34905e+10
1.34942e+10
1.34978e+10
1.35015e+10
1.35052e+10
1.3509e+10
1.3513e+10
1.3517e+10
1.35209e+10
1.35247e+10
1.35284e+10
1.35323e+10
1.35362e+10
1.35399e+10
1.35436e+10
1.35474e+10
1.3551e+10
1.35547e+10
1.35584e+10
1.3562e+10
1.35657e+10
1.35694e+10
1.35731e+10
1.35768e+10
1.35806e+10
1.35843e+10
1.3588e+10
1.35917e+10
1.35955e+10
1.35992e+10
1.36029e+10
1.36066e+10
1.36102e+10
1.36139e+10
1.36176e+10
1.36213e+10
1.36249e+10
1.36286e+10
1.36323e+10
1.36359e+10
1.36396e+10
1.36433e+10
1.3647e+10
1.36507e+10
1.36545e+10
1.36582e+10
1.36619e+10
1.36656e+10
1.36693e+10
1.36729e+10
1.36766e+10
1.36803e+10
1.36843e+10
1.36881e+10
1.36918e+10
1.36955e+10
1.36991e+10
1.37028e+10
1.37065e+10
1.37102e+10
1.37139e+10
1.37176e+10
1.37213e+10
1.3725e+10
1.37287e+10
1.37323e+10
1.3736e+10
1.37397e+10
1.37437e+10
1.37475e+10
1.37512e+10
1.37548e+10
1.37585e+10
1.37622e+10
1.37659e+10
1.37695e+10
1.37733e+10
1.37772e+10
1.3781e+10
1.37847e+10
1.37883e+10
1.3792e+10
1.37957e+10
1.37994e+10
1.3803e+10
1.38067e+10
1.38108e+10
1.38145e+10
1.38182e+10
1.38218e+10
1.38255e+10
1.38292e+10
1.38329e+10
1.38366e+10
1.38406e+10
1.38442e+10
1.38479e+10
1.38516e+10
1.38553e+10
1.3859e+10
1.38627e+10
1.38663e+10
1.387e+10
1.38737e+10
1.38774e+10
1.3881e+10
1.38847e+10
1.38884e+10
1.38926e+10
1.38964e+10
1.39001e+10
1.39038e+10
1.39075e+10
1.39112e+10
1.39148e+10
1.39185e+10
1.39222e+10
1.3926e+10
1.393e+10
1.39337e+10
1.39374e+10
1.39411e+10
1.39447e+10
1.39484e+10
1.39521e+10
1.39558e+10
1.39595e+10
1.39632e+10
1.39669e+10
1.39705e+10
1.39742e+10
1.39779e+10
1.39816e+10
1.39853e+10
1.39892e+10
1.3993e+10
1.39967e+10
1.40004e+10
1.40041e+10
1.40078e+10
1.40115e+10
1.40151e+10
1.40188e+10
1.40225e+10
1.40263e+10
1.403e+10
1.40337e+10
1.40374e+10
1.40411e+10
1.40447e+10
1.40484e+10
1.40521e+10
1.40558e+10
1.40595e+10
1.40632e+10
1.40668e+10
1.40705e+10
1.40746e+10
1.40783e+10
1.4082e+10
1.40856e+10
1.40893e+10
1.4093e+10
1.40967e+10
1.41004e+10
1.41041e+10
1.41078e+10
1.41115e+10
1.41151e+10
1.41188e+10
1.41225e+10
1.41262e+10
1.41301e+10
1.41341e+10
1.41379e+10
1.41416e+10
1.41452e+10
1.41489e+10
1.41526e+10
1.41563e+10
1.416e+10
1.41637e+10
1.41673e+10
1.4171e+10
1.41747e+10
1.41784e+10
1.4182e+10
1.41857e+10
1.41896e+10
1.41935e+10
1.41972e+10
1.42009e+10
1.42045e+10
1.42081e+10
1.4212e+10
1.42156e+10
1.42194e+10
1.42232e+10
1.42269e+10
1.42305e+10
1.42342e+10
1.42378e+10
1.42415e+10
1.42452e+10
1.42488e+10
1.42525e+10
1.42561e+10
1.42598e+10
1.42635e+10
1.42676e+10
1.42713e+10
1.42749e+10
1.42786e+10
1.42823e+10
1.42859e+10
1.42895e+10
1.42932e+10
1.4297e+10
1.4301e+10
1.43047e+10
1.43083e+10
1.4312e+10
1.43158e+10
1.43194e+10
1.43231e+10
1.43267e+10
1.43308e+10
1.43346e+10
1.43382e+10
1.43419e+10
1.43455e+10
1.43492e+10
1.43528e+10
1.43565e+10
1.43601e+10
1.43642e+10
1.4368e+10
1.43716e+10
1.43753e+10
1.4379e+10
1.43826e+10
1.43863e+10
1.43899e+10
1.43936e+10
1.43979e+10
1.44015e+10
1.44052e+10
1.44088e+10
1.44125e+10
1.44162e+10
1.44198e+10
1.44234e+10
1.44271e+10
1.44312e+10
1.4435e+10
1.44387e+10
1.44424e+10
1.4446e+10
1.44497e+10
1.44534e+10
1.4457e+10
1.44607e+10
1.44644e+10
1.44681e+10
1.44718e+10
1.44754e+10
1.44791e+10
1.44827e+10
1.44864e+10
1.44904e+10
1.44942e+10
1.44981e+10
1.45017e+10
1.45055e+10
1.45091e+10
1.45128e+10
1.45164e+10
1.45202e+10
1.45245e+10
1.45282e+10
1.45319e+10
1.45355e+10
1.45392e+10
1.45428e+10
1.45465e+10
1.45502e+10
1.45538e+10
1.4558e+10
1.45617e+10
1.45653e+10
1.45689e+10
1.45726e+10
1.45763e+10
1.45799e+10
1.45837e+10
1.45874e+10
1.45914e+10
1.45951e+10
1.45987e+10
1.46023e+10
1.4606e+10
1.46096e+10
1.46133e+10
1.4617e+10
1.4621e+10
1.46248e+10
1.46284e+10
1.46321e+10
1.46357e+10
1.46394e+10
1.4643e+10
1.46466e+10
1.46503e+10
1.4654e+10
1.46577e+10
1.46613e+10
1.46652e+10
1.46691e+10
1.46727e+10
1.46765e+10
1.46801e+10
1.46838e+10
1.46874e+10
1.4691e+10
1.46947e+10
1.46984e+10
1.47021e+10
1.47057e+10
1.47094e+10
1.4713e+10
1.47167e+10
1.47203e+10
1.47239e+10
1.47276e+10
1.47313e+10
1.4735e+10
1.47386e+10
1.47423e+10
1.4746e+10
1.47496e+10
1.47533e+10
1.47569e+10
1.47606e+10
1.47642e+10
1.4768e+10
1.47718e+10
1.47754e+10
1.47791e+10
1.47827e+10
1.47864e+10
1.47904e+10
1.47942e+10
1.47978e+10
1.48015e+10
1.48052e+10
1.48088e+10
1.48125e+10
1.48162e+10
1.48198e+10
1.48238e+10
1.48276e+10
1.48313e+10
1.48349e+10
1.48386e+10
1.48422e+10
1.48459e+10
1.48495e+10
1.48532e+10
1.48573e+10
1.4861e+10
1.48647e+10
1.48683e+10
1.4872e+10
1.48759e+10
1.48796e+10
1.48833e+10
1.48869e+10
1.48906e+10
1.48942e+10
1.48978e+10
1.49015e+10
1.49051e+10
1.49088e+10
1.49124e+10
1.49161e+10
1.49197e+10
1.49234e+10
1.4927e+10
1.49307e+10
1.49343e+10
1.4938e+10
1.49421e+10
1.49458e+10
1.49494e+10
1.49512e+10
1.49526e+10
1.49542e+10
1.49555e+10
1.49572e+10
1.49585e+10
1.496e+10
1.49614e+10
1.49627e+10
1.49643e+10
1.49656e+10
1.4967e+10
1.49683e+10
1.49697e+10
1.49713e+10
1.49731e+10
1.49745e+10
1.49761e+10
1.49776e+10
1.49793e+10
1.49808e+10
1.49822e+10
1.49835e+10
1.49848e+10
1.49862e+10
1.49877e+10
1.4989e+10
1.49903e+10
1.49916e+10
1.4993e+10
1.49946e+10
1.49961e+10
1.49974e+10
1.4999e+10
1.50004e+10
1.50018e+10
1.50031e+10
1.50044e+10
1.50057e+10
1.50071e+10
1.50086e+10
1.50099e+10
1.50114e+10
1.50128e+10
1.50141e+10
1.50155e+10
1.50169e+10
1.50183e+10
1.50197e+10
1.50212e+10
1.50228e+10
1.50246e+10
1.50264e+10
1.50282e+10
1.50295e+10
1.50308e+10
1.50322e+10
1.50335e+10
1.50352e+10
1.50369e+10
1.50382e+10
1.50396e+10
1.50409e+10
1.50422e+10
1.50436e+10
1.50448e+10
1.50462e+10
1.50476e+10
1.50489e+10
1.50503e+10
1.50516e+10
1.50529e+10
1.50544e+10
1.50557e+10
1.50571e+10
1.50584e+10
1.50597e+10
1.50611e+10
1.50624e+10
1.50637e+10
1.5065e+10
1.50666e+10
1.50679e+10
1.50692e+10
1.50705e+10
1.50718e+10
1.50735e+10
1.50749e+10
1.50767e+10
1.5078e+10
1.50794e+10
1.50808e+10
1.50822e+10
1.50836e+10
1.50853e+10
1.50868e+10
1.50881e+10
1.50896e+10
1.50912e+10
1.50929e+10
1.50944e+10
1.50958e+10
1.50971e+10
1.50989e+10
1.51002e+10
1.51017e+10
1.5103e+10
1.51045e+10
1.5106e+10
1.51076e+10
1.5109e+10
1.51105e+10
1.51121e+10
1.51134e+10
1.51152e+10
1.51165e+10
1.51184e+10
1.512e+10
1.51216e+10
1.51232e+10
1.51247e+10
1.5126e+10
1.51273e+10
1.5129e+10
1.51307e+10
1.5132e+10
1.51333e+10
1.51348e+10
1.51366e+10
1.5138e+10
1.51395e+10
1.51411e+10
1.51424e+10
1.51439e+10
1.51456e+10
1.51475e+10
1.5149e+10
1.51505e+10
1.51524e+10
1.5154e+10
1.51556e+10
1.51574e+10
1.51588e+10
1.51604e+10
1.51622e+10
1.5164e+10
1.51659e+10
1.51672e+10
1.51685e+10
1.51698e+10
1.51713e+10
1.51729e+10
1.51745e+10
1.51758e+10
1.51774e+10
1.5179e+10
1.51809e+10
1.51824e+10
1.51839e+10
1.51851e+10
1.51864e+10
1.51878e+10
1.51891e+10
1.51905e+10
1.5192e+10
1.51938e+10
1.51951e+10
1.5197e+10
1.51986e+10
1.52001e+10
1.52016e+10
1.52033e+10
1.52046e+10
1.5206e+10
1.52073e+10
1.52086e+10
1.521e+10
1.52117e+10
1.52135e+10
1.52152e+10
1.52168e+10
1.52184e+10
1.52201e+10
1.52214e+10
1.52229e+10
1.52242e+10
1.52256e+10
1.52274e+10
1.5229e+10
1.52304e+10
1.52318e+10
1.52331e+10
1.52347e+10
1.52361e+10
1.52379e+10
1.52396e+10
1.52411e+10
1.52426e+10
1.52439e+10
1.52453e+10
1.5247e+10
1.52486e+10
1.52501e+10
1.52514e+10
1.52529e+10
1.52543e+10
1.52556e+10
1.52572e+10
1.52585e+10
1.52598e+10
1.52614e+10
1.52628e+10
1.52641e+10
1.52655e+10
1.52671e+10
1.52685e+10
1.52702e+10
1.5272e+10
1.52735e+10
1.52753e+10
1.52773e+10
1.52787e+10
1.52801e+10
1.52815e+10
1.52828e+10
1.52841e+10
1.52854e+10
1.52867e+10
1.52882e+10
1.52895e+10
1.52909e+10
1.52923e+10
1.52938e+10
1.52952e+10
1.5297e+10
1.52987e+10
1.53004e+10
1.53018e+10
1.53031e+10
1.53044e+10
1.53057e+10
1.53072e+10
1.53085e+10
1.53103e+10
1.53117e+10
1.53131e+10
1.53147e+10
1.53162e+10
1.53175e+10
1.53188e+10
1.53202e+10
1.53215e+10
1.53229e+10
1.53242e+10
1.53257e+10
1.53272e+10
1.53288e+10
1.53301e+10
1.53314e+10
1.53328e+10
1.53342e+10
1.53359e+10
1.53374e+10
1.53388e+10
1.53403e+10
1.53416e+10
1.53433e+10
1.53449e+10
1.53463e+10
1.53476e+10
1.53489e+10
1.53502e+10
1.53515e+10
1.53528e+10
1.53543e+10
1.53557e+10
1.53572e+10
1.53585e+10
1.53598e+10
1.53612e+10
1.53629e+10
1.53644e+10
1.53657e+10
1.53673e+10
1.53687e+10
1.53701e+10
1.53715e+10
1.53729e+10
1.53742e+10
1.53758e+10
1.53773e+10
1.53788e+10
1.53803e+10
1.53817e+10
1.53831e+10
1.53845e+10
1.53863e+10
1.53876e+10
1.53891e+10
1.5391e+10
1.53926e+10
1.5394e+10
1.53955e+10
1.53969e+10
1.53984e+10
1.53998e+10
1.54014e+10
1.54032e+10
1.54046e+10
1.54061e+10
1.54077e+10
1.5409e+10
1.54104e+10
1.54117e+10
1.5413e+10
1.54144e+10
1.54157e+10
1.54173e+10
1.54186e+10
1.54201e+10
1.54215e+10
1.54233e+10
1.54248e+10
1.54262e+10
1.54279e+10
1.54292e+10
1.54307e+10
1.54321e+10
1.54335e+10
1.54349e+10
1.54362e+10
1.54377e+10
1.5439e+10
1.54404e+10
1.54419e+10
1.54436e+10
1.54452e+10
1.54467e+10
1.54484e+10
1.54497e+10
1.54514e+10
1.5453e+10
1.54543e+10
1.54562e+10
1.54578e+10
1.54591e+10
1.54607e+10
1.54624e+10
1.54639e+10
1.54655e+10
1.54669e+10
1.54684e+10
1.54698e+10
1.54714e+10
1.54728e+10
1.54741e+10
1.54754e+10
1.5477e+10
1.54784e+10
1.54797e+10
1.54812e+10
1.54827e+10
1.54842e+10
1.54855e+10
1.54871e+10
1.54888e+10
1.54905e+10
1.54919e+10
1.54937e+10
1.54953e+10
1.54967e+10
1.54984e+10
1.55002e+10
1.55017e+10
1.5503e+10
1.55044e+10
1.55059e+10
1.55075e+10
1.55089e+10
1.55103e+10
1.55118e+10
1.55132e+10
1.55145e+10
1.5516e+10
1.55175e+10
1.55189e+10
1.55202e+10
1.55221e+10
1.55236e+10
1.5525e+10
1.55267e+10
1.55282e+10
1.55297e+10
1.5531e+10
1.55325e+10
1.55338e+10
1.55356e+10
1.55369e+10
1.55384e+10
1.554e+10
1.55414e+10
1.55429e+10
1.55442e+10
1.55456e+10
1.5547e+10
1.55485e+10
1.55498e+10
1.55513e+10
1.55528e+10
1.55547e+10
1.55564e+10
1.5558e+10
1.55593e+10
1.55608e+10
1.55624e+10
1.55637e+10
1.55653e+10
1.55666e+10
1.55679e+10
1.55696e+10
1.55709e+10
1.55724e+10
1.55738e+10
1.55752e+10
1.55767e+10
1.55782e+10
1.55797e+10
1.55814e+10
1.55827e+10
1.55843e+10
1.55861e+10
1.55877e+10
1.55893e+10
1.55908e+10
1.55924e+10
1.55938e+10
1.55953e+10
1.55966e+10
1.55981e+10
1.55993e+10
1.56007e+10
1.56024e+10
1.56041e+10
1.56054e+10
1.56067e+10
1.56079e+10
1.56092e+10
1.56105e+10
1.56118e+10
1.56131e+10
1.56146e+10
1.56161e+10
1.56175e+10
1.56192e+10
1.56208e+10
1.56227e+10
1.5624e+10
1.56254e+10
1.56266e+10
1.56279e+10
1.56292e+10
1.56306e+10
1.5632e+10
1.56334e+10
1.5635e+10
1.56366e+10
1.56379e+10
1.56392e+10
1.56407e+10
1.56422e+10
1.56436e+10
1.56449e+10
1.56463e+10
1.5648e+10
1.56493e+10
1.56508e+10
1.56527e+10
1.56542e+10
1.56555e+10
1.56569e+10
1.56582e+10
1.56597e+10
1.56612e+10
1.56627e+10
1.56641e+10
1.56658e+10
1.56671e+10
1.56684e+10
1.567e+10
1.56718e+10
1.56731e+10
1.56744e+10
1.5676e+10
1.56777e+10
1.5679e+10
1.56804e+10
1.56816e+10
1.56829e+10
1.56843e+10
1.56858e+10
1.56873e+10
1.5689e+10
1.56909e+10
1.56925e+10
1.56939e+10
1.56955e+10
1.5697e+10
1.56984e+10
1.56998e+10
1.57013e+10
1.57027e+10
1.5704e+10
1.57053e+10
1.57066e+10
1.57079e+10
1.57093e+10
1.57106e+10
1.57122e+10
1.57136e+10
1.57149e+10
1.57162e+10
1.57176e+10
1.57193e+10
1.57208e+10
1.57224e+10
1.57244e+10
1.57259e+10
1.57273e+10
1.57286e+10
1.57303e+10
1.57318e+10
1.57331e+10
1.57349e+10
1.57364e+10
1.57377e+10
1.5739e+10
1.57407e+10
1.57422e+10
1.57438e+10
1.57453e+10
1.57468e+10
1.57483e+10
1.57496e+10
1.57509e+10
1.57522e+10
1.57536e+10
1.57551e+10
1.57569e+10
1.57585e+10
1.576e+10
1.57614e+10
1.57628e+10
1.57641e+10
1.57656e+10
1.57673e+10
1.57686e+10
1.57699e+10
1.57716e+10
1.57732e+10
1.57748e+10
1.57762e+10
1.57779e+10
1.57793e+10
1.57807e+10
1.57821e+10
1.57834e+10
1.57849e+10
1.57865e+10
1.5788e+10
1.57897e+10
1.57914e+10
1.57927e+10
1.57941e+10
1.57955e+10
1.57971e+10
1.57984e+10
1.58e+10
1.58014e+10
1.58027e+10
1.5804e+10
1.58055e+10
1.58068e+10
1.58081e+10
1.58095e+10
1.58111e+10
1.58125e+10
1.58139e+10
1.58154e+10
1.58167e+10
1.58181e+10
1.58198e+10
1.58213e+10
1.58226e+10
1.58241e+10
1.58254e+10
1.58267e+10
1.58279e+10
1.58293e+10
1.5831e+10
1.58326e+10
1.5834e+10
1.58353e+10
1.58367e+10
1.58386e+10
1.58403e+10
1.58417e+10
1.58431e+10
1.58445e+10
1.58458e+10
1.58473e+10
1.58487e+10
1.58501e+10
1.58517e+10
1.58534e+10
1.58547e+10
1.5856e+10
1.58574e+10
1.58591e+10
1.58605e+10
1.58618e+10
1.58631e+10
1.58649e+10
1.58663e+10
1.58677e+10
1.58695e+10
1.58712e+10
1.58727e+10
1.5874e+10
1.58754e+10
1.58772e+10
1.58787e+10
1.58803e+10
1.58817e+10
1.58832e+10
1.58846e+10
1.58859e+10
1.58874e+10
1.5889e+10
1.58906e+10
1.58919e+10
1.58933e+10
1.5895e+10
1.58965e+10
1.58978e+10
1.58995e+10
1.59011e+10
1.59026e+10
1.59041e+10
1.59054e+10
1.59068e+10
1.59082e+10
1.59097e+10
1.59112e+10
1.59129e+10
1.59146e+10
1.59159e+10
1.59173e+10
1.59189e+10
1.59202e+10
1.59217e+10
1.59234e+10
1.5925e+10
1.59263e+10
1.59276e+10
1.59289e+10
1.59302e+10
1.59315e+10
1.59329e+10
1.59343e+10
1.59358e+10
1.59371e+10
1.59384e+10
1.59397e+10
1.59412e+10
1.59425e+10
1.59439e+10
1.59453e+10
1.59467e+10
1.59485e+10
1.59502e+10
1.59515e+10
1.59528e+10
1.59542e+10
1.59558e+10
1.59571e+10
1.59587e+10
1.596e+10
1.59615e+10
1.59629e+10
1.59642e+10
1.59656e+10
1.59669e+10
1.59682e+10
1.59695e+10
1.5971e+10
1.59726e+10
1.5974e+10
1.59753e+10
1.59768e+10
1.59783e+10
1.59799e+10
1.59813e+10
1.59829e+10
1.59844e+10
1.5986e+10
1.59873e+10
1.59887e+10
1.59906e+10
1.59921e+10
1.59939e+10
1.59953e+10
1.59969e+10
1.59986e+10
1.60002e+10
1.6002e+10
1.60036e+10
1.6005e+10
1.60064e+10
1.60077e+10
1.60091e+10
1.60107e+10
1.60124e+10
1.60137e+10
1.6015e+10
1.60163e+10
1.60176e+10
1.6019e+10
1.60204e+10
1.60217e+10
1.60232e+10
1.60245e+10
1.6026e+10
1.60277e+10
1.60292e+10
1.60307e+10
1.6032e+10
1.60333e+10
1.60346e+10
1.6036e+10
1.60376e+10
1.60389e+10
1.60402e+10
1.60415e+10
1.60431e+10
1.60449e+10
1.60463e+10
1.60477e+10
1.60496e+10
1.6051e+10
1.60525e+10
1.60542e+10
1.60556e+10
1.60571e+10
1.60585e+10
1.60604e+10
1.60619e+10
1.60632e+10
1.60647e+10
1.60664e+10
1.60679e+10
1.60693e+10
1.60709e+10
1.60725e+10
1.60738e+10
1.60754e+10
1.60768e+10
1.60781e+10
1.60798e+10
1.60815e+10
1.60833e+10
1.60845e+10
1.60858e+10
1.60871e+10
1.60885e+10
1.60899e+10
1.60913e+10
1.6093e+10
1.60945e+10
1.6096e+10
1.60973e+10
1.60986e+10
1.61003e+10
1.61017e+10
1.61031e+10
1.61049e+10
1.61063e+10
1.61076e+10
1.61091e+10
1.61105e+10
1.61121e+10
1.61138e+10
1.61154e+10
1.61168e+10
1.61182e+10
1.61196e+10
1.6121e+10
1.61223e+10
1.61236e+10
1.61252e+10
1.61269e+10
1.61285e+10
1.61299e+10
1.61314e+10
1.61327e+10
1.61343e+10
1.61358e+10
1.61373e+10
1.61386e+10
1.614e+10
1.61413e+10
1.61427e+10
1.61439e+10
1.61453e+10
1.61468e+10
1.61483e+10
1.61497e+10
1.61514e+10
1.61527e+10
1.6154e+10
1.61556e+10
1.61572e+10
1.61588e+10
1.61604e+10
1.61619e+10
1.61633e+10
1.61648e+10
1.61663e+10
1.61676e+10
1.6169e+10
1.61706e+10
1.61724e+10
1.6174e+10
1.61756e+10
1.61774e+10
1.6179e+10
1.61803e+10
1.61818e+10
1.61835e+10
1.61851e+10
1.61866e+10
1.6188e+10
1.61894e+10
1.61911e+10
1.6193e+10
1.61945e+10
1.61959e+10
1.61974e+10
1.6199e+10
1.62003e+10
1.62017e+10
1.62034e+10
1.62048e+10
1.62061e+10
1.62079e+10
1.62092e+10
1.62109e+10
1.62121e+10
1.62134e+10
1.62148e+10
1.62165e+10
1.62178e+10
1.62192e+10
1.62208e+10
1.62223e+10
1.62236e+10
1.62254e+10
1.6227e+10
1.62285e+10
1.62298e+10
1.62311e+10
1.62324e+10
1.62338e+10
1.62351e+10
1.62364e+10
1.62379e+10
1.62393e+10
1.62406e+10
1.62423e+10
1.62436e+10
1.62449e+10
1.62462e+10
1.62475e+10
1.62493e+10
1.62508e+10
1.62521e+10
1.62536e+10
1.62549e+10
1.62565e+10
1.62584e+10
1.62599e+10
1.62614e+10
1.62628e+10
1.62641e+10
1.62654e+10
1.62667e+10
1.62683e+10
1.62696e+10
1.62712e+10
1.62725e+10
1.62738e+10
1.62752e+10
1.62765e+10
1.62778e+10
1.62792e+10
1.62806e+10
1.6282e+10
1.62834e+10
1.62847e+10
1.62862e+10
1.62878e+10
1.62891e+10
1.62904e+10
1.62918e+10
1.62934e+10
1.62948e+10
1.62964e+10
1.62977e+10
1.6299e+10
1.63004e+10
1.63018e+10
1.63034e+10
1.63052e+10
1.6307e+10
1.63084e+10
1.63101e+10
1.63119e+10
1.63135e+10
1.63148e+10
1.63163e+10
1.63176e+10
1.63189e+10
1.63208e+10
1.63226e+10
1.63243e+10
1.63257e+10
1.6327e+10
1.63283e+10
1.63297e+10
1.6331e+10
1.63327e+10
1.6334e+10
1.63355e+10
1.63367e+10
1.63381e+10
1.63394e+10
1.63407e+10
1.63421e+10
1.63439e+10
1.63456e+10
1.63471e+10
1.63486e+10
1.63499e+10
1.63514e+10
1.63532e+10
1.63547e+10
1.63561e+10
1.63579e+10
1.63593e+10
1.63608e+10
1.63621e+10
1.63635e+10
1.63648e+10
1.63665e+10
1.63681e+10
1.63697e+10
1.63712e+10
1.63727e+10
1.63742e+10
1.63758e+10
1.63772e+10
1.6379e+10
1.63807e+10
1.63823e+10
1.63836e+10
1.63849e+10
1.63868e+10
1.63884e+10
1.63898e+10
1.63911e+10
1.63927e+10
1.63943e+10
1.63958e+10
1.63974e+10
1.63988e+10
1.64004e+10
1.64017e+10
1.64033e+10
1.64046e+10
1.64059e+10
1.64074e+10
1.64087e+10
1.64101e+10
1.64114e+10
1.64129e+10
1.64144e+10
1.6416e+10
1.64174e+10
1.64193e+10
1.64208e+10
1.64224e+10
1.64239e+10
1.64252e+10
1.64266e+10
1.64279e+10
1.64292e+10
1.64305e+10
1.6432e+10
1.64334e+10
1.64347e+10
1.64362e+10
1.64376e+10
1.64394e+10
1.64409e+10
1.64425e+10
1.64439e+10
1.64452e+10
1.64465e+10
1.64478e+10
1.64493e+10
1.64507e+10
1.64522e+10
1.64539e+10
1.64553e+10
1.6457e+10
1.64583e+10
1.64599e+10
1.64614e+10
1.64627e+10
1.6464e+10
1.64658e+10
1.64672e+10
1.64685e+10
1.647e+10
1.64713e+10
1.64726e+10
1.64741e+10
1.64754e+10
1.64768e+10
1.64787e+10
1.64801e+10
1.64818e+10
1.64834e+10
1.64852e+10
1.6487e+10
1.64887e+10
1.64903e+10
1.64916e+10
1.6493e+10
1.64944e+10
1.64957e+10
1.64977e+10
1.6499e+10
1.65004e+10
1.65018e+10
1.65036e+10
1.65048e+10
1.65065e+10
1.65082e+10
1.65097e+10
1.65112e+10
1.65125e+10
1.65143e+10
1.6516e+10
1.65177e+10
1.6519e+10
1.65206e+10
1.65219e+10
1.65232e+10
1.65249e+10
1.65264e+10
1.65277e+10
1.65294e+10
1.65309e+10
1.65322e+10
1.65338e+10
1.65351e+10
1.65365e+10
1.65378e+10
1.65394e+10
1.65412e+10
1.65425e+10
1.65439e+10
1.65452e+10
1.65465e+10
1.6548e+10
1.65495e+10
1.65513e+10
1.65526e+10
1.65539e+10
1.65555e+10
1.65571e+10
1.65587e+10
1.65605e+10
1.65618e+10
1.65632e+10
1.65647e+10
1.65661e+10
1.65677e+10
1.6569e+10
1.65704e+10
1.65719e+10
1.65732e+10
1.65749e+10
1.65764e+10
1.65781e+10
1.65797e+10
1.65812e+10
1.65829e+10
1.65847e+10
1.65864e+10
1.65877e+10
1.65893e+10
1.65906e+10
1.65922e+10
1.65938e+10
1.65955e+10
1.65971e+10
1.65985e+10
1.65999e+10
1.66012e+10
1.66028e+10
1.66045e+10
1.6606e+10
1.66074e+10
1.66087e+10
1.66101e+10
1.66115e+10
1.66132e+10
1.66147e+10
1.66162e+10
1.66179e+10
1.66193e+10
1.66211e+10
1.66227e+10
1.66244e+10
1.66259e+10
1.66275e+10
1.66288e+10
1.66306e+10
1.66324e+10
1.66338e+10
1.66354e+10
1.66371e+10
1.66384e+10
1.66399e+10
1.66412e+10
1.66426e+10
1.6644e+10
1.66454e+10
1.66468e+10
1.66483e+10
1.66496e+10
1.66509e+10
1.66523e+10
1.66541e+10
1.66557e+10
1.66571e+10
1.66586e+10
1.66601e+10
1.66617e+10
1.6663e+10
1.66644e+10
1.66658e+10
1.66672e+10
1.66686e+10
1.667e+10
1.66716e+10
1.66729e+10
1.66744e+10
1.66761e+10
1.66774e+10
1.66787e+10
1.66802e+10
1.66817e+10
1.66831e+10
1.66844e+10
1.66857e+10
1.66875e+10
1.6689e+10
1.66906e+10
1.6692e+10
1.66937e+10
1.66951e+10
1.66967e+10
1.66982e+10
1.66996e+10
1.67011e+10
1.67025e+10
1.67038e+10
1.67051e+10
1.67067e+10
1.67082e+10
1.67096e+10
1.67109e+10
1.67122e+10
1.67136e+10
1.67154e+10
1.67168e+10
1.67181e+10
1.67194e+10
1.67212e+10
1.67227e+10
1.67242e+10
1.67256e+10
1.67271e+10
1.67287e+10
1.67303e+10
1.6732e+10
1.67334e+10
1.67348e+10
1.67362e+10
1.67379e+10
1.67394e+10
1.67408e+10
1.67423e+10
1.67436e+10
1.67452e+10
1.67468e+10
1.67481e+10
1.67495e+10
1.67509e+10
1.67526e+10
1.67543e+10
1.67555e+10
1.67569e+10
1.67582e+10
1.67595e+10
1.67608e+10
1.6762e+10
1.67635e+10
1.67651e+10
1.67664e+10
1.67679e+10
1.67692e+10
1.67708e+10
1.67723e+10
1.67737e+10
1.6775e+10
1.67765e+10
1.67779e+10
1.67792e+10
1.67807e+10
1.67821e+10
1.67833e+10
1.67846e+10
1.6786e+10
1.67875e+10
1.67888e+10
1.67903e+10
1.67916e+10
1.67931e+10
1.67947e+10
1.67961e+10
1.67977e+10
1.67994e+10
1.6801e+10
1.68026e+10
1.68042e+10
1.68056e+10
1.68069e+10
1.68082e+10
1.68095e+10
1.68111e+10
1.68128e+10
1.68146e+10
1.68163e+10
1.68177e+10
1.6819e+10
1.68204e+10
1.68217e+10
1.68231e+10
1.6825e+10
1.68266e+10
1.6828e+10
1.68295e+10
1.68308e+10
1.68322e+10
1.68336e+10
1.68352e+10
1.68367e+10
1.68382e+10
1.68397e+10
1.68413e+10
1.68428e+10
1.68441e+10
1.68454e+10
1.68468e+10
1.68481e+10
1.68495e+10
1.68509e+10
1.68524e+10
1.68538e+10
1.68552e+10
1.68565e+10
1.68578e+10
1.68591e+10
1.68604e+10
1.68619e+10
1.68632e+10
1.68646e+10
1.68666e+10
1.68683e+10
1.68698e+10
1.68713e+10
1.68727e+10
1.6874e+10
1.68757e+10
1.6877e+10
1.68784e+10
1.68799e+10
1.68814e+10
1.68827e+10
1.6884e+10
1.68853e+10
1.68867e+10
1.6888e+10
1.68895e+10
1.68914e+10
1.68929e+10
1.68943e+10
1.68958e+10
1.68971e+10
1.68984e+10
1.68997e+10
1.6901e+10
1.69024e+10
1.69037e+10
1.6905e+10
1.69067e+10
1.69084e+10
1.69097e+10
1.69111e+10
1.69129e+10
1.69142e+10
1.69158e+10
1.69174e+10
1.69187e+10
1.69202e+10
1.69217e+10
1.6923e+10
1.69243e+10
1.69258e+10
1.69278e+10
1.69293e+10
1.69308e+10
1.69322e+10
1.69335e+10
1.69347e+10
1.69363e+10
1.69378e+10
1.69395e+10
1.69408e+10
1.69422e+10
1.69437e+10
1.69451e+10
1.69467e+10
1.69484e+10
1.69497e+10
1.6951e+10
1.69525e+10
1.69539e+10
1.69554e+10
1.69567e+10
1.69581e+10
1.69597e+10
1.69612e+10
1.69631e+10
1.69647e+10
1.69663e+10
1.69678e+10
1.69692e+10
1.69709e+10
1.69722e+10
1.69735e+10
1.69751e+10
1.69766e+10
1.69785e+10
1.698e+10
1.69813e+10
1.69827e+10
1.69842e+10
1.69857e+10
1.69874e+10
1.69888e+10
1.69902e+10
1.69918e+10
1.69936e+10
1.69951e+10
1.69965e+10
1.6998e+10
1.69994e+10
1.7001e+10
1.70023e+10
1.70038e+10
1.70054e+10
1.7007e+10
1.70083e+10
1.70099e+10
1.70114e+10
1.70129e+10
1.70144e+10
1.70159e+10
1.70175e+10
1.70189e+10
1.70202e+10
1.70216e+10
1.70229e+10
1.70242e+10
1.70259e+10
1.70276e+10
1.70292e+10
1.70307e+10
1.70322e+10
1.70336e+10
1.70352e+10
1.70368e+10
1.70382e+10
1.70397e+10
1.70411e+10
1.70428e+10
1.70442e+10
1.70456e+10
1.7047e+10
1.70483e+10
1.70498e+10
1.70512e+10
1.70526e+10
1.70539e+10
1.70552e+10
1.70565e+10
1.70578e+10
1.70591e+10
1.70607e+10
1.70622e+10
1.70635e+10
1.7065e+10
1.70664e+10
1.70677e+10
1.70691e+10
1.70704e+10
1.70716e+10
1.70729e+10
1.70743e+10
1.70757e+10
1.7077e+10
1.70787e+10
1.70799e+10
1.70815e+10
1.70833e+10
1.70848e+10
1.70862e+10
1.70876e+10
1.7089e+10
1.70905e+10
1.70921e+10
1.70934e+10
1.70949e+10
1.70963e+10
1.70976e+10
1.70991e+10
1.71008e+10
1.71022e+10
1.7104e+10
1.71053e+10
1.71066e+10
1.71082e+10
1.71095e+10
1.7111e+10
1.71124e+10
1.71138e+10
1.71152e+10
1.7117e+10
1.71185e+10
1.71198e+10
1.71212e+10
1.71227e+10
1.71243e+10
1.71257e+10
1.7127e+10
1.71284e+10
1.71297e+10
1.71314e+10
1.71327e+10
1.71341e+10
1.71354e+10
1.71367e+10
1.7138e+10
1.71394e+10
1.71407e+10
1.71421e+10
1.71434e+10
1.71449e+10
1.71463e+10
1.71476e+10
1.71492e+10
1.71505e+10
1.71518e+10
1.71536e+10
1.71549e+10
1.71564e+10
1.71578e+10
1.71591e+10
1.71604e+10
1.71617e+10
1.71632e+10
1.71645e+10
1.71659e+10
1.71672e+10
1.71686e+10
1.71699e+10
1.71713e+10
1.71728e+10
1.71741e+10
1.71754e+10
1.71772e+10
1.71787e+10
1.71802e+10
1.71815e+10
1.71829e+10
1.71844e+10
1.7186e+10
1.71878e+10
1.71894e+10
1.7191e+10
1.71926e+10
1.71941e+10
1.71956e+10
1.71971e+10
1.71985e+10
1.71999e+10
1.72014e+10
1.72028e+10
1.72044e+10
1.7206e+10
1.72075e+10
1.72091e+10
1.72105e+10
1.72121e+10
1.72135e+10
1.72151e+10
1.72165e+10
1.72181e+10
1.72195e+10
1.72208e+10
1.72223e+10
1.72239e+10
1.72256e+10
1.72271e+10
1.72284e+10
1.72302e+10
1.72319e+10
1.72335e+10
1.72348e+10
1.72361e+10
1.72379e+10
1.72394e+10
1.72411e+10
1.72425e+10
1.72438e+10
1.72453e+10
1.72466e+10
1.72479e+10
1.72492e+10
1.72507e+10
1.72523e+10
1.7254e+10
1.72558e+10
1.72575e+10
1.72592e+10
1.72606e+10
1.72621e+10
1.72636e+10
1.7265e+10
1.72664e+10
1.72678e+10
1.72694e+10
1.72707e+10
1.7272e+10
1.72735e+10
1.72752e+10
1.72766e+10
1.72783e+10
1.72797e+10
1.7281e+10
1.72824e+10
1.7284e+10
1.72854e+10
1.72869e+10
1.72884e+10
1.729e+10
1.72915e+10
1.72931e+10
1.72944e+10
1.72959e+10
1.72972e+10
1.72989e+10
1.73004e+10
1.73019e+10
1.73036e+10
1.7305e+10
1.73065e+10
1.73081e+10
1.73096e+10
1.73114e+10
1.7313e+10
1.73146e+10
1.73159e+10
1.73172e+10
1.73189e+10
1.73202e+10
1.73219e+10
1.73234e+10
1.73248e+10
1.73261e+10
1.73277e+10
1.73293e+10
1.73306e+10
1.7332e+10
1.73335e+10
1.73353e+10
1.73368e+10
1.73382e+10
1.73395e+10
1.7341e+10
1.73424e+10
1.73439e+10
1.73454e+10
1.73467e+10
1.73481e+10
1.73495e+10
1.73508e+10
1.73523e+10
1.73537e+10
1.73555e+10
1.73571e+10
1.73584e+10
1.73599e+10
1.73615e+10
1.73628e+10
1.73641e+10
1.73656e+10
1.73669e+10
1.73683e+10
1.73698e+10
1.73714e+10
1.73727e+10
1.73742e+10
1.73755e+10
1.73768e+10
1.73781e+10
1.73796e+10
1.73809e+10
1.73824e+10
1.73842e+10
1.73856e+10
1.73871e+10
1.73888e+10
1.73903e+10
1.73918e+10
1.73933e+10
1.7395e+10
1.73964e+10
1.73981e+10
1.73995e+10
1.7401e+10
1.74026e+10
1.74038e+10
1.74051e+10
1.74065e+10
1.7408e+10
1.74096e+10
1.74111e+10
1.74125e+10
1.7414e+10
1.74155e+10
1.74169e+10
1.74182e+10
1.74195e+10
1.74214e+10
1.74229e+10
1.74241e+10
1.74257e+10
1.74272e+10
1.74286e+10
1.74303e+10
1.74316e+10
1.7433e+10
1.74343e+10
1.74357e+10
1.7437e+10
1.74383e+10
1.74396e+10
1.74411e+10
1.74424e+10
1.74437e+10
1.7445e+10
1.74465e+10
1.74484e+10
1.74499e+10
1.74512e+10
1.74528e+10
1.74541e+10
1.74555e+10
1.74569e+10
1.74582e+10
1.74597e+10
1.7461e+10
1.74628e+10
1.74642e+10
1.74655e+10
1.74669e+10
1.74682e+10
1.74698e+10
1.74712e+10
1.74728e+10
1.74745e+10
1.7476e+10
1.74776e+10
1.74794e+10
1.7481e+10
1.74823e+10
1.74836e+10
1.74851e+10
1.74864e+10
1.74877e+10
1.7489e+10
1.74908e+10
1.74923e+10
1.74936e+10
1.7495e+10
1.74964e+10
1.74979e+10
1.74993e+10
1.75006e+10
1.75022e+10
1.75036e+10
1.75052e+10
1.75067e+10
1.75082e+10
1.75095e+10
1.75109e+10
1.75122e+10
1.75135e+10
1.75149e+10
1.75164e+10
1.75178e+10
1.75191e+10
1.75208e+10
1.75225e+10
1.75242e+10
1.75259e+10
1.75275e+10
1.75291e+10
1.75306e+10
1.75319e+10
1.75334e+10
1.75351e+10
1.75366e+10
1.75379e+10
1.75393e+10
1.75407e+10
1.75425e+10
1.75438e+10
1.75451e+10
1.75465e+10
1.75477e+10
1.75491e+10
1.75505e+10
1.7552e+10
1.75537e+10
1.75554e+10
1.75571e+10
1.75587e+10
1.75604e+10
1.75617e+10
1.7563e+10
1.75644e+10
1.75658e+10
1.75672e+10
1.75686e+10
1.75701e+10
1.75718e+10
1.75733e+10
1.75746e+10
1.75761e+10
1.75775e+10
1.75787e+10
1.758e+10
1.75813e+10
1.75826e+10
1.75839e+10
1.75854e+10
1.75867e+10
1.75881e+10
1.759e+10
1.75915e+10
1.75933e+10
1.75948e+10
1.75961e+10
1.75976e+10
1.75993e+10
1.76012e+10
1.76025e+10
1.7604e+10
1.76054e+10
1.76067e+10
1.76081e+10
1.76098e+10
1.76112e+10
1.76126e+10
1.76139e+10
1.76153e+10
1.7617e+10
1.76185e+10
1.762e+10
1.76213e+10
1.76226e+10
1.76239e+10
1.76254e+10
1.76267e+10
1.76281e+10
1.76298e+10
1.76313e+10
1.76328e+10
1.76344e+10
1.76357e+10
1.76371e+10
1.76384e+10
1.76397e+10
1.76413e+10
1.7643e+10
1.76444e+10
1.76459e+10
1.76477e+10
1.76493e+10
1.76508e+10
1.76523e+10
1.76537e+10
1.76553e+10
1.76568e+10
1.76582e+10
1.76599e+10
1.76613e+10
1.76626e+10
1.76639e+10
1.76653e+10
1.76666e+10
1.76679e+10
1.76692e+10
1.76707e+10
1.76722e+10
1.76735e+10
1.76748e+10
1.76765e+10
1.76782e+10
1.76797e+10
1.76813e+10
1.7683e+10
1.76846e+10
1.76862e+10
1.76877e+10
1.7689e+10
1.76905e+10
1.76921e+10
1.76934e+10
1.76949e+10
1.76962e+10
1.76976e+10
1.76992e+10
1.77008e+10
1.77021e+10
1.77033e+10
1.77048e+10
1.77063e+10
1.77076e+10
1.77089e+10
1.77107e+10
1.7712e+10
1.77133e+10
1.77148e+10
1.77163e+10
1.7718e+10
1.77197e+10
1.77212e+10
1.77226e+10
1.77239e+10
1.77254e+10
1.77271e+10
1.77283e+10
1.773e+10
1.77317e+10
1.77332e+10
1.77347e+10
1.77361e+10
1.77374e+10
1.77391e+10
1.77404e+10
1.77418e+10
1.77432e+10
1.77445e+10
1.7746e+10
1.77475e+10
1.77493e+10
1.77506e+10
1.7752e+10
1.77534e+10
1.77546e+10
1.77559e+10
1.77573e+10
1.77586e+10
1.77599e+10
1.77613e+10
1.77627e+10
1.7764e+10
1.77656e+10
1.77673e+10
1.77687e+10
1.77701e+10
1.77716e+10
1.77731e+10
1.77748e+10
1.77765e+10
1.77778e+10
1.77796e+10
1.7781e+10
1.77824e+10
1.7784e+10
1.77852e+10
1.77866e+10
1.77879e+10
1.77898e+10
1.77913e+10
1.77929e+10
1.77942e+10
1.77955e+10
1.77968e+10
1.77981e+10
1.77996e+10
1.7801e+10
1.78022e+10
1.78036e+10
1.78051e+10
1.78065e+10
1.78082e+10
1.78096e+10
1.78109e+10
1.78121e+10
1.78135e+10
1.78148e+10
1.78163e+10
1.78177e+10
1.78192e+10
1.78206e+10
1.78219e+10
1.78233e+10
1.7825e+10
1.78266e+10
1.78282e+10
1.78299e+10
1.78315e+10
1.78328e+10
1.78342e+10
1.78355e+10
1.78369e+10
1.78386e+10
1.78399e+10
1.78415e+10
1.78428e+10
1.78441e+10
1.78455e+10
1.78469e+10
1.78482e+10
1.78495e+10
1.78509e+10
1.78522e+10
1.78534e+10
1.78549e+10
1.78563e+10
1.78576e+10
1.78594e+10
1.78611e+10
1.78626e+10
1.78639e+10
1.78654e+10
1.78671e+10
1.78687e+10
1.78703e+10
1.78718e+10
1.78731e+10
1.78747e+10
1.78763e+10
1.7878e+10
1.78794e+10
1.78808e+10
1.78821e+10
1.78834e+10
1.78848e+10
1.78863e+10
1.78879e+10
1.78892e+10
1.78911e+10
1.78927e+10
1.78943e+10
1.78959e+10
1.78976e+10
1.78988e+10
1.79005e+10
1.7902e+10
1.79033e+10
1.79046e+10
1.7906e+10
1.79077e+10
1.79093e+10
1.79106e+10
1.79119e+10
1.79132e+10
1.79145e+10
1.79161e+10
1.79175e+10
1.7919e+10
1.79205e+10
1.7922e+10
1.79235e+10
1.79248e+10
1.79266e+10
1.79282e+10
1.79296e+10
1.79312e+10
1.79326e+10
1.7934e+10
1.79356e+10
1.7937e+10
1.79383e+10
1.79399e+10
1.79416e+10
1.79431e+10
1.79444e+10
1.79458e+10
1.79471e+10
1.79484e+10
1.79497e+10
1.79511e+10
1.79525e+10
1.7954e+10
1.79556e+10
1.79569e+10
1.79585e+10
1.79601e+10
1.79618e+10
1.79635e+10
1.7965e+10
1.79664e+10
1.7968e+10
1.79697e+10
1.79712e+10
1.79729e+10
1.79742e+10
1.79759e+10
1.79776e+10
1.79791e+10
1.79805e+10
1.79822e+10
1.79838e+10
1.79852e+10
1.79868e+10
1.79883e+10
1.799e+10
1.79917e+10
1.79932e+10
1.79948e+10
1.79965e+10
1.79981e+10
1.79994e+10
1.80007e+10
1.80022e+10
1.80035e+10
1.80048e+10
1.80062e+10
1.80075e+10
1.80088e+10
1.80102e+10
1.80119e+10
1.80135e+10
1.80148e+10
1.80163e+10
1.80176e+10
1.80191e+10
1.80206e+10
1.8022e+10
1.80234e+10
1.80251e+10
1.80267e+10
1.80282e+10
1.80295e+10
1.8031e+10
1.80325e+10
1.80341e+10
1.80356e+10
1.8037e+10
1.80387e+10
1.80403e+10
1.80418e+10
1.80431e+10
1.80445e+10
1.8046e+10
1.80475e+10
1.80493e+10
1.8051e+10
1.80525e+10
1.80538e+10
1.80553e+10
1.80566e+10
1.80582e+10
1.80596e+10
1.8061e+10
1.80626e+10
1.80643e+10
1.80658e+10
1.80671e+10
1.80683e+10
1.80696e+10
1.80709e+10
1.80725e+10
1.80741e+10
1.80754e+10
1.80768e+10
1.80782e+10
1.80798e+10
1.80813e+10
1.8083e+10
1.80843e+10
1.8086e+10
1.80873e+10
1.80886e+10
1.80904e+10
1.80922e+10
1.80935e+10
1.80951e+10
1.80965e+10
1.80978e+10
1.80994e+10
1.8101e+10
1.81025e+10
1.81038e+10
1.81052e+10
1.81068e+10
1.81082e+10
1.81097e+10
1.81112e+10
1.81125e+10
1.8114e+10
1.81156e+10
1.81169e+10
1.81184e+10
1.81197e+10
1.81214e+10
1.81232e+10
1.81248e+10
1.81261e+10
1.81274e+10
1.81287e+10
1.81301e+10
1.81315e+10
1.81329e+10
1.81347e+10
1.8136e+10
1.81375e+10
1.81388e+10
1.81402e+10
1.81416e+10
1.81429e+10
1.81443e+10
1.81456e+10
1.8147e+10
1.81488e+10
1.81501e+10
1.81514e+10
1.8153e+10
1.81545e+10
1.81563e+10
1.81578e+10
1.81593e+10
1.81608e+10
1.81623e+10
1.81636e+10
1.8165e+10
1.81663e+10
1.81677e+10
1.8169e+10
1.81703e+10
1.81716e+10
1.81729e+10
1.81745e+10
1.81762e+10
1.81778e+10
1.81792e+10
1.81805e+10
1.81819e+10
1.81834e+10
1.81849e+10
1.81865e+10
1.81879e+10
1.81899e+10
1.81914e+10
1.8193e+10
1.81944e+10
1.81957e+10
1.81975e+10
1.8199e+10
1.82002e+10
1.82016e+10
1.82029e+10
1.82045e+10
1.82062e+10
1.82076e+10
1.82089e+10
1.82102e+10
1.82116e+10
1.82133e+10
1.82149e+10
1.82166e+10
1.82181e+10
1.82194e+10
1.82208e+10
1.82226e+10
1.82242e+10
1.82255e+10
1.82271e+10
1.82285e+10
1.823e+10
1.82315e+10
1.82329e+10
1.82343e+10
1.82355e+10
1.8237e+10
1.82383e+10
1.82397e+10
1.82414e+10
1.82429e+10
1.82447e+10
1.82461e+10
1.82474e+10
1.82488e+10
1.82501e+10
1.82515e+10
1.82528e+10
1.82543e+10
1.82561e+10
1.82577e+10
1.82591e+10
1.82605e+10
1.82618e+10
1.82634e+10
1.82647e+10
1.8266e+10
1.82674e+10
1.82689e+10
1.82706e+10
1.82723e+10
1.82736e+10
1.8275e+10
1.82764e+10
1.82779e+10
1.82794e+10
1.82807e+10
1.8282e+10
1.82834e+10
1.82849e+10
1.82864e+10
1.82882e+10
1.82898e+10
1.82912e+10
1.82927e+10
1.82942e+10
1.82957e+10
1.8297e+10
1.82983e+10
1.82999e+10
1.83016e+10
1.83031e+10
1.83048e+10
1.83063e+10
1.83076e+10
1.83091e+10
1.83105e+10
1.83121e+10
1.83134e+10
1.83147e+10
1.83162e+10
1.83175e+10
1.83188e+10
1.83202e+10
1.83219e+10
1.83234e+10
1.83247e+10
1.83262e+10
1.83276e+10
1.83289e+10
1.83301e+10
1.83314e+10
1.83332e+10
1.83347e+10
1.83362e+10
1.83378e+10
1.83392e+10
1.83407e+10
1.83423e+10
1.83437e+10
1.83451e+10
1.83464e+10
1.83476e+10
1.83491e+10
1.83507e+10
1.83522e+10
1.83538e+10
1.83552e+10
1.83565e+10
1.8358e+10
1.83593e+10
1.83611e+10
1.83625e+10
1.8364e+10
1.83653e+10
1.83668e+10
1.83683e+10
1.83698e+10
1.83711e+10
1.83725e+10
1.8374e+10
1.83754e+10
1.83767e+10
1.83781e+10
1.83794e+10
1.83808e+10
1.83824e+10
1.83837e+10
1.83853e+10
1.83868e+10
1.83887e+10
1.83905e+10
1.83921e+10
1.83934e+10
1.83951e+10
1.83965e+10
1.8398e+10
1.83993e+10
1.84009e+10
1.84024e+10
1.84037e+10
1.8405e+10
1.84064e+10
1.84077e+10
1.8409e+10
1.84103e+10
1.84116e+10
1.84129e+10
1.84142e+10
1.84155e+10
1.84172e+10
1.84187e+10
1.842e+10
1.84214e+10
1.84231e+10
1.84246e+10
1.84261e+10
1.84275e+10
1.84288e+10
1.84301e+10
1.84317e+10
1.84332e+10
1.84345e+10
1.8436e+10
1.84375e+10
1.84388e+10
1.84404e+10
1.8442e+10
1.84435e+10
1.84449e+10
1.84464e+10
1.84479e+10
1.84492e+10
1.84505e+10
1.8452e+10
1.84533e+10
1.84547e+10
1.84566e+10
1.84582e+10
1.84596e+10
1.8461e+10
1.84626e+10
1.84643e+10
1.84659e+10
1.84674e+10
1.84688e+10
1.84703e+10
1.8472e+10
1.84733e+10
1.84747e+10
1.8476e+10
1.84773e+10
1.84788e+10
1.84805e+10
1.84818e+10
1.84831e+10
1.84844e+10
1.84857e+10
1.84871e+10
1.84888e+10
1.84907e+10
1.8492e+10
1.84936e+10
1.84951e+10
1.84964e+10
1.84977e+10
1.84991e+10
1.85004e+10
1.85023e+10
1.85037e+10
1.85053e+10
1.85066e+10
1.85083e+10
1.851e+10
1.85113e+10
1.85131e+10
1.85147e+10
1.85164e+10
1.85178e+10
1.85196e+10
1.85211e+10
1.85228e+10
1.85243e+10
1.85259e+10
1.85273e+10
1.8529e+10
1.85304e+10
1.85319e+10
1.85332e+10
1.85348e+10
1.85363e+10
1.85381e+10
1.85397e+10
1.85412e+10
1.8543e+10
1.85443e+10
1.85458e+10
1.85474e+10
1.85491e+10
1.85504e+10
1.8552e+10
1.85536e+10
1.85556e+10
1.85571e+10
1.85584e+10
1.856e+10
1.85614e+10
1.85629e+10
1.85645e+10
1.85658e+10
1.85672e+10
1.85688e+10
1.85704e+10
1.85721e+10
1.85737e+10
1.85753e+10
1.85766e+10
1.85779e+10
1.85795e+10
1.8581e+10
1.85825e+10
1.8584e+10
1.85855e+10
1.8587e+10
1.85883e+10
1.859e+10
1.85913e+10
1.85927e+10
1.8594e+10
1.85953e+10
1.85966e+10
1.8598e+10
1.85994e+10
1.86011e+10
1.86026e+10
1.86039e+10
1.86052e+10
1.86068e+10
1.86083e+10
1.86098e+10
1.86111e+10
1.86125e+10
1.8614e+10
1.86153e+10
1.86167e+10
1.86182e+10
1.86195e+10
1.86208e+10
1.86221e+10
1.86235e+10
1.8625e+10
1.86264e+10
1.8628e+10
1.86293e+10
1.86306e+10
1.86321e+10
1.86338e+10
1.86353e+10
1.86368e+10
1.86381e+10
1.86397e+10
1.86414e+10
1.86432e+10
1.86448e+10
1.86462e+10
1.86479e+10
1.86494e+10
1.86507e+10
1.86522e+10
1.86537e+10
1.86552e+10
1.86565e+10
1.86578e+10
1.86593e+10
1.86608e+10
1.86622e+10
1.86635e+10
1.86649e+10
1.86662e+10
1.86676e+10
1.86689e+10
1.86706e+10
1.8672e+10
1.86734e+10
1.86746e+10
1.8676e+10
1.86774e+10
1.86788e+10
1.86802e+10
1.86819e+10
1.86835e+10
1.8685e+10
1.86867e+10
1.86879e+10
1.86892e+10
1.86906e+10
1.86921e+10
1.86934e+10
1.86951e+10
1.86964e+10
1.86978e+10
1.86991e+10
1.87007e+10
1.8702e+10
1.87036e+10
1.87051e+10
1.87064e+10
1.87077e+10
1.87092e+10
1.87111e+10
1.87124e+10
1.87137e+10
1.87151e+10
1.87166e+10
1.87179e+10
1.87192e+10
1.87208e+10
1.87226e+10
1.87242e+10
1.87256e+10
1.87273e+10
1.87287e+10
1.87303e+10
1.87319e+10
1.87335e+10
1.8735e+10
1.87363e+10
1.87376e+10
1.87389e+10
1.87403e+10
1.87419e+10
1.87435e+10
1.87448e+10
1.87461e+10
1.87474e+10
1.87489e+10
1.87506e+10
1.87522e+10
1.87538e+10
1.87554e+10
1.87568e+10
1.87582e+10
1.87596e+10
1.87611e+10
1.87625e+10
1.87638e+10
1.87651e+10
1.87667e+10
1.87684e+10
1.87701e+10
1.87714e+10
1.87727e+10
1.87744e+10
1.87757e+10
1.87772e+10
1.8779e+10
1.87804e+10
1.87817e+10
1.87831e+10
1.87848e+10
1.87865e+10
1.87881e+10
1.87895e+10
1.8791e+10
1.87925e+10
1.87939e+10
1.87952e+10
1.87968e+10
1.87981e+10
1.87994e+10
1.88008e+10
1.88021e+10
1.88035e+10
1.88049e+10
1.88063e+10
1.88076e+10
1.88089e+10
1.88103e+10
1.88119e+10
1.88132e+10
1.88146e+10
1.88162e+10
1.88181e+10
1.88196e+10
1.88209e+10
1.88222e+10
1.88235e+10
1.88248e+10
1.88261e+10
1.88274e+10
1.8829e+10
1.88303e+10
1.88317e+10
1.8833e+10
1.88344e+10
1.8836e+10
1.88375e+10
1.88387e+10
1.88404e+10
1.88422e+10
1.88436e+10
1.88449e+10
1.88466e+10
1.88481e+10
1.88499e+10
1.88515e+10
1.88533e+10
1.88546e+10
1.8856e+10
1.88574e+10
1.88591e+10
1.88604e+10
1.88617e+10
1.8863e+10
1.88644e+10
1.88659e+10
1.88672e+10
1.8869e+10
1.88703e+10
1.88718e+10
1.88734e+10
1.88751e+10
1.88766e+10
1.88781e+10
1.88796e+10
1.88812e+10
1.88827e+10
1.88841e+10
1.88857e+10
1.88872e+10
1.88887e+10
1.88901e+10
1.88915e+10
1.8893e+10
1.88947e+10
1.88962e+10
1.88977e+10
1.88992e+10
1.89007e+10
1.89022e+10
1.89038e+10
