115.95
128.781
115.528
115.93
101.112
102.497
101.284
102.997
101.121
102.946
101.818
104.335
103.328
103.868
102.54
103.511
101.87
128.033
164.502
187.608
154.479
150.284
150.081
102.84
103.297
102.213
103.716
102.414
101.839
101.824
103.798
101.919
101.799
102.784
102.177
103.481
106.627
101.38
104.396
103.635
109.367
101.825
107.332
103.178
102.276
103.117
103.459
101.58
101.652
105.059
114.975
102.949
103.27
102.182
104.139
101.284
101.85
101.829
103.141
103.457
101.869
102.277
101.889
101.61
104.192
103.221
103.034
103.988
104.501
106.25
181.093
103.085
107.842
103.026
101.927
102.076
103.629
102.779
101.122
103.194
105.134
101.837
100.953
104.329
109.382
102.048
103.05
101.235
104.735
101.515
101.708
101.893
102.699
101.669
101.852
100.924
100.775
103.398
104.766
101.609
113.838
107.995
102.04
103.855
102.151
100.929
102.755
103.923
102.868
105.921
101.87
102.891
102.451
105.556
103.397
101.936
104.72
102.147
104.144
102.793
105.681
103.762
104.28
104.335
101.25
101.429
101.444
102.784
101.388
101.882
101.524
98.23
99.929
102.6
97.947
99.872
100.492
97.462
99.2
93.46
92.994
94.132
95.821
94.579
93.25
92.713
95.767
94.67
93.519
95.093
108.677
93.508
92.79
94.327
93.79
93.423
94.639
95.255
93.234
96.172
93.986
93.758
95.989
93.119
93.422
93.424
96.451
93.673
93.023
95.741
95.895
93.527
93.099
93.954
94.309
95.467
93.163
94.114
94.068
95.408
95.01
93.646
97.241
94.78
93.982
93.079
93.89
97.196
93.368
96.972
97.977
93.972
92.901
93.865
93.472
95.149
100.059
93.344
94.939
94.941
104.944
93.82
95.224
94.092
95.871
92.859
95.107
94.515
98.351
93.813
95.218
93.01
94.411
93.012
100.097
96.008
94.546
93.754
93.043
94.367
93.542
93.867
92.903
94.008
94.194
94.563
93.796
93.5
94.441
94.24
93.304
95.691
96.491
93.951
94.146
93.843
94.27
94.003
93.689
97.523
93.789
94.584
93.962
93.999
93.834
96.579
93.817
93.609
94.288
93.063
108.595
93.826
94.628
94.616
94.753
92.999
98.283
93.207
94.938
93.448
92.659
95.194
93.921
93.198
95.678
97.598
93.208
94.711
98.097
94.37
94.076
94.363
93.825
94.637
94.25
95.943
94.973
93.846
94.605
92.888
93.715
93.561
94.1
94.411
92.818
96.126
93.454
93.45
92.859
93.649
93.839
92.84
92.818
93.719
94.155
92.569
94.008
95.14
95.687
92.909
112.101
95.507
93.567
94.354
94.244
93.39
94.412
92.552
94.155
96.258
94.032
93.745
95.142
93.545
94.66
95.376
92.649
93.77
93.052
94.423
94.411
93.391
94.616
95.028
93.005
93.706
95.398
95.169
95.036
93.127
95.846
93.289
93.857
92.62
93.374
93.307
95.31
94.331
94.673
93.037
92.744
93.785
93.644
93.545
94.861
94.847
94.481
92.954
94.758
92.771
106.271
95.942
96.511
96.564
96.916
93.482
93.864
94.519
95.337
95.147
96.317
92.334
96.394
96.622
95.837
93.223
94.829
95.337
94.846
95.475
95.201
95.265
94.03
101.918
94.746
93.995
94.499
94.443
95.599
93.872
98.376
94.086
96.671
93.023
95.097
94.025
93.729
94.312
93.373
93.524
92.809
92.752
94.285
95.321
93.208
93.991
97.423
94.984
93.946
93.971
111.631
95.982
92.624
93.584
94.729
98.673
94.923
94.496
93.591
93.222
94.791
94.087
107.357
95.509
93.381
94.722
93.192
93.877
94.184
95.366
93.72
95.122
94.648
93.55
94.046
93.211
93.409
93.645
94.492
103.724
94.932
93.959
97.227
102.681
93.946
93.933
93.578
95.112
94.928
94.616
93.066
92.787
93.783
95.974
93.683
95.239
96.346
93.643
94.225
92.774
112.518
93.396
93.284
93.195
93.308
95.758
93.959
93.181
93.99
94.081
92.986
97.963
102.263
95.937
93.126
92.899
93.87
93.825
92.991
93.714
95.724
93.653
93.877
112.066
110.709
150.807
104.923
103.191
101.887
119.028
231.691
164.416
141.271
159.106
148.386
119.944
111.768
153.141
98.279
104.661
125.168
127.629
112.768
120.804
110.532
117.368
124.749
119.455
110.424
117.263
120.349
108.333
118.739
108.861
107.171
107.803
111.931
109.507
111.133
100.147
101.684
105.988
102.114
102.596
101.226
111.917
111.519
104.703
111.151
112.553
111.726
119.958
118.224
112.603
118.877
99.831
103.653
99.516
107.999
104.253
105.618
120.363
123.168
106.692
107.301
111.141
101.471
101.442
104.276
101.917
113.081
112.478
102.587
102.574
120.139
96.48
143.615
95.865
152.044
260.242
160.937
147.327
109.424
105.031
102.303
102.835
160.192
143.126
132.137
106.14
105.033
102.253
107.648
97.202
102.815
102.439
102.17
108.199
102.421
93.979
93.456
94.925
94.136
98.896
108.512
97.639
105.902
113.623
98.265
104.96
104.457
97.936
99.144
99.282
121.685
173.201
104.95
107.391
109.423
105.94
108.867
121.544
200.38
102.536
130.165
125.603
102.21
162.29
98.579
98.67
125.237
140.962
111.885
107.774
99.144
110.372
96.967
108.933
109.693
100.767
133.17
147.203
127.821
300.181
166.138
123.249
110.356
116.709
139.366
128.615
165.311
146.43
148.567
120.983
124.616
111.335
111.213
117.012
123.672
117.094
116.225
112.312
120.929
134.703
147.689
131.962
135.707
132.364
122.864
121.185
129.097
121.328
133.439
112.851
107.886
109.217
238.364
143.137
140.534
143.405
135.486
156.287
123.851
113.535
126.725
122.66
120.716
121.799
109.809
118.619
113.974
110.11
116.602
120.227
108.799
118.849
118.227
118.791
112.098
118.305
116.082
125.069
123.052
205.957
196.516
124.198
124.375
118.076
127.108
105.69
115.995
116.686
140.244
104.765
99.865
108.436
96.691
96.544
101.551
120.395
124.771
100.079
107.793
111.511
126.263
102.944
111.653
124.243
120.996
103.723
105.736
95.862
98.348
93.734
95.076
103.983
124.109
110.713
114.734
108.304
107.379
97.441
101.946
101.216
94.956
97.467
93.546
95.499
95.729
93.792
94.419
95.066
136.503
139.319
98.341
100.897
96.329
99.791
109.76
106.379
112.857
101.576
95.124
96.433
102.263
101.974
95.954
94.663
95.153
95.402
96.26
98.471
94.211
93.522
93.767
95.713
104.582
96.169
94.73
93.932
105.522
100.853
93.18
96.4
97.987
100.727
98.621
100.8
96.963
94.1
106.703
97.088
95.934
93.994
98.172
94.696
108.45
97.554
93.571
92.505
96.215
98.439
98.714
95.334
94.584
96.395
94.387
97.754
96.441
93.82
95.031
93.689
93.886
104.025
104.534
94.046
96.118
96.942
101.774
108.777
112.552
105.975
100.096
102.155
105.775
123.455
106.025
100.45
99.028
94.427
101.97
93.623
95.008
99.816
93.399
94.227
93.704
110.334
109.436
111.095
110.373
99.971
96.501
98.944
95.143
95.435
98.398
94.093
98.602
94.278
93.733
93.092
93.312
95.197
95.676
95.418
93.46
93.095
124.91
152.781
141.05
106.877
96.109
99.207
95.069
101.208
105.954
103.352
109.079
109.885
100.924
94.569
108.884
114.115
110.186
100.754
111.684
113.413
104.881
113.442
117.174
104.362
102.087
109.414
106.431
110.82
106.142
111.205
118.738
120.482
124.38
114.693
126.232
108.577
147.36
98.889
93.94
94.132
96.498
122.505
120.158
165.943
118.467
130.933
126.328
109.975
103.569
100.901
93.963
95.095
97.989
97.46
93.664
94.035
98.57
93.548
99.75
98.18
93.497
95.51
96.844
103.429
102.853
97.5
102.337
104.869
141.292
105.946
113.499
110.807
105.305
94.172
97.577
103.202
107.508
101.61
98.059
93.676
104.074
99.852
108.335
96.185
97.856
101.078
97.081
98.933
110.068
93.122
95.843
95.864
94.006
96.075
101.844
99.338
114.353
107.622
94.65
98.305
97.595
99.206
111.012
111.032
102.044
105.443
99.943
94.009
96.78
100.264
98.578
96.244
97.312
108.745
108.844
105.183
108.357
110.815
103.498
97.155
116.797
151.425
121.942
105.748
96.057
97.616
95.142
95.041
98.637
104.719
98.761
97.132
95.352
98.775
101.618
105.964
128.656
117.647
100.219
93.898
100.423
93.563
96.243
96.367
105.298
95.078
97.926
97.434
99.898
98.828
93.833
96.938
110.96
104.024
100.047
112.837
103.068
122.733
108.723
129.552
135.941
107.153
111.043
107.161
122.742
111.415
113.773
114.613
100.169
95.842
94.538
106.8
115.91
102.887
94.8
93.96
96.063
94.17
95.924
93.311
93.549
98.827
96.721
95.267
95.306
94.527
108.061
106.735
103.671
102.946
104.339
109.999
102.443
99.816
98.978
96.854
97.145
97.719
99.04
99.484
97.732
99.989
100.871
102.602
99.086
98.139
93.009
96.131
95.461
93.716
105.643
93.962
94.37
94.614
95.655
97.05
102.107
99.874
99.098
104.269
111.076
136.346
141.442
151.165
128.358
104.769
143.579
97.122
103.112
125.524
104.699
108.033
96.452
102.138
103.854
93.918
101.058
137.454
116.99
117.035
113.706
171.633
186.226
111.834
107.938
100.535
121.447
130.924
114.042
121.463
116.998
120.72
141.812
164.855
151.565
105.59
168.444
107.702
108.321
117.233
113.21
132.117
128.001
123.045
131.612
99.469
93.399
93.695
93.834
93.585
93.975
94.911
102.941
97.544
99.222
93.598
94.948
95.542
93.335
93.083
93.496
93.493
93.348
99.849
93.861
93.519
93.076
93.068
92.709
94.483
93.918
93.924
93.816
92.49
94.962
93.501
93.228
93.637
93.069
93.547
96.589
93.767
94.405
93.329
94.547
94.145
93.482
97.889
95.496
94.811
92.469
94.113
95.13
93.451
92.437
92.219
93.214
92.36
94.723
94.495
92.705
95.387
115.045
95.316
93.962
94.964
92.842
95.094
92.263
92.857
94.07
92.864
93.234
93.387
93.89
100.311
93.367
94.962
94.304
105.694
95.323
94.621
94.749
93.892
93.725
93.024
93.027
94.533
92.426
93.975
92.733
92.09
93.411
92.922
96.62
99.43
96.034
96.953
92.528
93.273
94.345
93.085
92.799
93.679
95.302
95.753
93.858
92.349
92.834
92.848
92.984
95.443
105.321
92.55
93.021
94.184
92.631
92.693
96.076
96.002
92.776
94.164
92.393
92.511
94.239
93.106
93.106
93.859
93.614
94.01
93.435
92.808
94.755
96.049
94.563
92.458
92.991
96.776
93.259
93.656
92.554
93.994
92.875
95.445
95.588
92.644
93.075
93.022
92.506
94.338
93.629
99.321
93.168
93.453
94.358
92.765
96.058
93.193
93.181
94.44
92.891
93.649
109.776
92.707
94.044
94.883
93.941
92.976
95.843
92.83
92.558
92.35
93.473
92.711
99.647
95.207
93.992
92.999
93.442
94.281
94.351
92.783
94.569
93.502
93.506
95.474
92.462
94.083
92.796
95.76
94.304
92.885
93.182
93.567
95.206
93.995
94.521
93.432
95.337
94.191
93.239
93.387
93.028
95.012
93.175
93.155
94.484
92.88
93.333
93.324
94.564
93.348
112.679
94.815
93.36
92.48
92.478
94.175
93.378
93.881
94.08
93.25
93.093
93.299
97.818
93.867
93.047
93.579
93.33
92.26
93.51
94.112
93.211
92.64
94.345
93.536
96.042
94.635
92.715
93.217
105.716
93.668
97.13
94.642
98.05
93.955
94.495
93.269
93.224
93.84
95.564
94.252
93.478
93.685
93.816
96.859
93.442
97.029
94.524
94.118
92.807
93.171
112.988
93.373
93.011
92.781
93.002
99.935
100.907
93.549
93.651
93.219
93.68
92.499
93.361
95.211
92.74
93.315
92.927
93.854
93.559
92.343
94.338
92.906
93.91
94.49
93.146
94.373
94.864
94.93
92.512
93.516
94.3
100.748
93.773
94.485
93.611
92.905
93.948
95.092
93.119
96.103
93.573
92.808
92.607
96.221
94.386
92.991
92.893
94.657
95.583
97.665
98.71
93.61
93.276
92.038
93.594
95.183
94.37
93.452
92.78
93.249
92.598
92.559
92.305
96.2
94.075
95.363
94.443
93.32
97.943
93.283
93.2
93.178
93.26
94.677
93.707
93.287
93.332
92.694
93.807
92.402
95.639
94.686
96.223
92.76
95.165
95.028
93.718
93.641
94.31
94.665
94.041
93.871
92.577
92.875
93.296
92.548
93.347
93.405
93.164
92.108
104.921
93.821
92.779
93.65
93.376
95.129
93.018
94.574
92.93
93.386
93.591
93.561
92.464
93.073
93.423
93.678
93.181
94.42
92.788
94.044
92.405
92.496
93.355
92.741
92.796
94.268
93.898
95.069
93.696
94.475
94.874
94.251
94.184
94.34
94.406
105.042
93.774
93.667
94.09
94.563
93.744
94.635
95.963
93.45
93.858
93.553
93.572
93.699
94.718
93.362
107.852
93.868
93.233
94.364
92.48
93.454
96.027
92.692
94.687
93.73
92.426
94.334
92.683
101.978
100.587
93.662
93.946
93.066
93.155
93.227
94.389
95.033
93.827
92.94
93.271
94.192
93.587
92.752
93.451
96.418
95.98
97.716
92.71
92.92
93.327
93.791
94.834
92.868
103.006
95.001
93.404
94.124
95.338
94.04
92.732
94.293
93.377
94.456
92.923
93.96
116.312
92.801
93.224
93.6
93.485
93.531
93.002
94.066
92.35
94.404
93.365
93.422
95.008
96.844
96.06
93.342
93.915
96.29
93.602
134.404
93.127
93.592
94.384
93.11
92.585
93.141
93.264
92.604
93.555
99.397
93.332
92.696
93.899
93.025
93.174
96.272
93.589
92.741
93.42
93.676
93.168
93.933
92.59
92.929
92.393
95.47
96.06
95.601
92.859
93.604
101.505
92.672
93.079
93.246
93.03
92.99
94.152
95.732
93.862
94.935
92.507
93.26
95.033
94.089
94.122
93.689
93.572
92.998
96.686
92.924
93.446
92.421
92.633
92.699
93.103
92.882
93.025
92.636
95.092
94.728
93.838
92.995
94.159
95.393
94.671
92.794
93.066
92.53
94.561
92.706
93.401
95.412
93.953
94.271
92.747
93.058
98.418
93.259
94.127
96.266
111.098
98.241
95.118
93.63
93.295
95.148
93.162
93.604
93.502
94.199
95.951
93.242
95.243
94.21
93.089
93.38
92.734
92.87
92.898
98.881
94.067
92.893
94.175
92.416
94.269
93.566
94.225
92.619
95.808
95.234
94.87
92.741
92.736
93.835
92.865
92.309
93.448
95.017
94.172
95.122
94.439
93.036
93.162
93.379
92.413
93.356
93.182
92.837
94.083
94.187
104.651
92.815
94.445
92.919
93.081
93.012
94.308
93.182
92.454
94.731
94.142
93.499
93.592
93.155
92.011
93.83
92.802
94.957
93.127
93.992
92.971
93.084
93.226
93.154
93.218
93.31
93.862
100.036
97.785
93.368
94.208
93.471
99.65
93.211
92.85
93.506
93.415
91.964
93.145
92.396
94.05
93.718
94.779
92.504
94.989
92.591
112.444
94.247
94.387
94.899
102.705
93.437
94.881
93.649
92.701
93.019
93.167
94.302
93.848
92.757
92.627
96.05
94.713
95.902
97.308
94.829
93.423
92.366
94.268
93.487
92.685
94.516
92.637
93.85
92.9
92.833
94.085
106.39
93.358
92.577
93.213
93.322
93.97
93.767
92.385
92.747
96.984
94.647
95.096
93.348
93.07
93.44
93.168
92.79
93.289
95.1
92.999
96.71
95.671
94.82
106.135
95.524
93.353
95.334
92.432
93.318
92.664
93.105
94.254
93.551
93.697
93.384
95.136
94.087
95.378
93.339
96.568
93.524
94.514
93.977
98.41
92.704
92.727
93.83
93.409
95.133
101.33
94.951
93.161
92.78
93.69
93.201
93.906
94.229
94.483
95.215
92.81
93.257
93.969
92.372
93.098
93.323
94.527
94.195
93.644
92.928
93.463
93.602
93.877
93.341
103.268
94.251
94.132
104.32
188.06
240.741
185.476
244.009
149.292
197.274
152.519
137.246
130.274
176.263
209.622
142.198
156.082
120.328
121.941
130.627
123.663
97.832
194.162
168.661
105.68
152.671
107.496
99.519
145.027
132.35
106.163
120.949
105.988
158.749
203.896
170.082
159.913
171.059
155.079
187.634
135.331
139.531
121.292
107.561
173.044
141.984
180.578
127.912
127.233
111.768
125.392
116.601
120.576
143.063
112.728
126.58
143.851
127.092
119.984
129.97
156.825
122.677
158.993
122.425
136.55
116.121
125.879
154.227
234.505
179.156
162.128
167.355
113.153
145.109
131.368
135.182
107.615
96.821
101.998
102.276
115.352
107.257
120.673
116.827
156.078
155.51
149.869
180.402
189.923
143.571
142.607
99.327
94.922
115.531
96.117
157.385
193.472
93.074
93.703
131.732
154.484
109.206
95.753
93.392
100.126
102.75
142.556
141.216
115.264
151.929
152.254
99.211
93.752
95.75
94.508
94.124
93.396
111.807
152.827
122.501
137.98
101.063
95.508
93.744
113.259
111.001
134.398
99.949
146.95
159.229
129.971
142.366
150.55
158.644
115.701
115.327
107.434
127.507
129.597
131.1
120.583
133.554
126.108
122.817
126.053
121.066
135.361
121.911
151.49
149.162
126.817
147.616
122.539
128.517
112.403
113.653
132.159
142.91
209.886
134.863
139.916
122.508
117.634
125.413
109.396
126.182
103.643
111.553
104.317
99.728
105.267
101.33
104.163
106.891
104.664
127.521
106.016
101.799
101.731
93.852
140.474
111.825
94.462
105.153
112.613
129.873
109.467
98.945
105.657
195.903
199.801
132.248
103.55
107.354
122.576
113.123
109.162
116.253
126.03
104.64
119.565
127.135
191.676
120.986
134.12
101.644
134.934
122.484
160.301
198.181
149.019
115.98
117.756
120.614
171.366
201.624
143.298
152.179
160.143
132.249
151.903
142.956
129.38
131.289
140.001
137.542
154.632
138.798
104.173
141.351
166.82
134.33
101.146
213.753
162.788
122.588
125.749
120.575
112.165
121.974
121.663
109.337
119.607
103.233
97.764
103.088
99.983
107.107
141.099
187.41
141.517
152.144
181.207
112.224
94.8
138.004
234.289
147.95
138.168
112.311
172.161
115.125
125.186
151.084
120.13
127.768
145.323
119.074
134.817
129.795
116.743
116.552
169.46
220.894
184.894
119.616
112.622
131.776
102.878
100.185
170.943
128.751
94.544
140.194
170.903
106.78
92.906
101.403
163.822
158.938
147.298
139.483
167.062
158.775
145.032
169.878
146.816
130.348
110.401
190.164
173.064
161.369
127.175
114.404
140.654
118.891
116.513
118.196
125.803
114.16
115.823
114.781
109.154
95.603
95.33
102.215
114.143
144.457
100.597
93.81
94.895
109.971
120.362
108.794
102.271
102.093
98.506
93.443
95.52
104.65
115.033
104.629
142.753
111.77
110.695
120.08
119.115
112.93
117.242
116.451
144.104
114.737
115.347
116.995
116.442
112.853
103.783
135.847
144.201
121.35
136.568
108.539
120.25
132.975
125.882
131.052
116.132
127.908
106.34
112.57
101.102
100.611
100.398
95.977
95.861
95.499
97.024
105.462
143.369
99.788
107.894
95.261
96.889
112.181
101.517
104.785
97.794
96.106
103.393
102.063
101.865
104.364
141.253
102.465
105.54
95.323
166.339
169.62
120.391
152.124
157.908
148.862
137.891
131.566
160.776
139.183
95.773
95.982
121.339
138.266
147.373
135.249
127.586
150.919
151.621
161.097
121.54
146.808
95.385
143.563
177.51
181.828
127.758
132.97
113.626
97.184
121.766
138.793
130.671
134.734
113.731
100.531
110.293
144.109
133.157
128.628
126.571
137.465
148.752
124.53
101.149
109.309
98.007
95.775
97.155
126.641
101.375
97.723
93.255
94.893
95.58
96.762
126.504
113.731
101.188
139.024
150.739
179.483
114.692
117.57
269.346
137.806
126.201
103.414
97.557
95.059
92.602
95.524
93.186
93.131
125.803
171.562
143.2
176.117
117.625
94.963
94.307
168.118
106.201
142.72
136.078
98.765
100.776
95.685
94.366
101.757
94.095
96.139
97.551
93.755
93.446
94.052
97.131
94.282
93.234
145.258
93.391
95.64
92.811
93.853
108.084
94.898
92.819
114.05
119.911
124.572
121.895
115.534
142.54
130.065
137.502
124.807
116.32
126.86
143.209
119.428
114.751
123.596
128.275
134.337
129.878
120.052
124.244
109.683
115.414
122.466
140.84
139.977
147.724
115.166
140.41
104.574
150.602
141.207
120.562
130.9
137.203
112.349
126.955
116.876
121.07
122.389
116.089
118.52
122.797
118.737
136.368
112.588
110.545
128.931
124.562
125.732
124.894
123.563
129.683
110.876
123.453
140.883
122.822
127.212
131.024
114.675
126.926
122.705
112.51
118.742
112.964
119.838
123.475
127.586
122.141
132.174
130.713
148.238
116.01
124.843
143.607
111.634
129.471
129.466
122.787
135.394
117.635
122.789
120.077
122.785
129.912
179.555
136.041
122.229
117.817
117.717
122.542
114.781
146.586
133.02
114.562
149.07
126.384
124.995
119.616
136.614
130.485
152.383
141.229
121.886
118.91
125.201
123.578
117.909
136.77
119.747
113.08
112.183
117.574
123.448
118.673
116.208
118.999
125.824
124.183
117.034
115.939
123.872
119.798
116.491
120.584
118.957
111.039
124.955
115.641
126.817
124.616
112.355
124.935
120.592
113.48
120.317
133.96
132.67
119.682
134.164
114.732
120.4
138.161
112.851
126.702
132.241
132.272
141.516
137.904
136.792
131.71
131.187
120.52
113.971
143.457
113.614
136.762
134.428
125.915
119.622
123.446
125.485
136.034
119.516
129.246
140.392
119.486
116.304
134.673
127.934
118.5
134.117
124.305
122.257
120.73
122.826
130.422
126.514
128.024
164.052
115.261
120.384
111.823
127.852
135.82
113.064
125.268
114.553
115.918
119.79
112.609
115.633
132.692
135.966
127.874
107.54
109.758
114.281
127.299
116.786
107.015
134.697
121.686
117.15
116.821
107.346
123.903
122.398
137.406
109.091
112.308
141.563
155.85
123.751
126.312
121.552
128.932
123.98
108.233
104.08
117.557
183.502
154.658
116.931
113.494
109.61
169.712
159.116
119.615
127.343
132.893
115.273
121.141
112.647
119.768
127.651
112.536
121.357
153.138
120.964
112.714
113.914
115.689
126.582
118.845
101.835
117.18
98.255
95.058
93.209
95.902
100.017
116.998
133.431
94.452
96.258
154.069
179.855
133.535
146.963
107.629
100.334
99.935
100.051
101.482
125.147
104.445
112.517
105.28
103.262
97.524
106.221
124.236
134.408
112.321
102.012
95.743
98.691
95.242
96.748
94.511
95.343
95.972
107.884
95.126
94.481
92.89
92.938
94.536
93.352
96.243
93.827
91.917
92.939
124.905
117.941
129.001
123.591
124.476
134.952
121.153
122.095
135.291
127.334
164.378
128.739
125.16
136.367
127.489
124.085
136.497
141.279
125.803
130.859
128.621
122.046
122.585
126.501
125.735
156.009
125.34
113.114
115.557
111.145
120.022
124.893
117.037
115.792
114.707
121.743
122.98
128.454
128.106
124.891
118.898
125.66
113.831
119.339
115.624
121.529
121.806
122.003
116.754
123.118
115.452
116.272
129.395
116.179
122.025
120.887
117.012
141.891
119.481
122.466
120.41
117.729
125.535
131.249
147.091
100.71
94.613
97.648
95.415
96.261
94.555
111.482
96.613
93.615
95.434
92.74
94.671
95.869
93.31
95.614
93.824
95.983
93.912
95.904
96.137
93.227
96.777
93.7
93.449
93.076
93.599
94.387
93.115
95.105
93.159
94.001
95.607
122.302
129.225
96.414
93.855
94.082
95.378
93.195
98.306
111.589
92.387
96.576
92.859
93.21
95.349
96.982
94.402
93.295
98.999
93.014
98.576
94.665
93.248
94.97
136.888
94.081
94.78
98.722
95.416
98.377
94.125
103.698
101.247
100.969
109.471
157.624
94.561
94.339
94.551
94.829
93.354
102.251
93.442
103.584
148.666
93.865
93.299
93.509
93.335
98.434
108.945
94.567
124.161
114.78
96.076
96.672
93.182
95.204
94.811
96.163
94.143
129.183
125.562
93.135
93.169
101.461
96.785
92.517
94.686
94.825
99.613
140.755
94.295
93.531
93.098
92.42
95.349
95.88
93.924
118.954
138.845
95.489
94.44
94.445
93.444
98.354
97.996
94.201
96.429
98.749
113.521
96.387
94.502
94.473
94.986
94.059
93.878
94.612
96.386
94.114
94.067
94.032
95.822
96.634
96.547
145.106
108.922
93.323
95.157
93.551
93.587
94.036
95.401
98.683
142.797
107.768
92.646
92.559
100.402
113.404
95.427
93.717
92.925
151.795
97.757
92.875
95.677
94.538
92.568
95.543
94.788
113.489
178.545
96.312
93.213
103.14
96.517
106.734
132.89
160.785
159.848
143.25
147.422
166.67
125.089
123.224
130.226
123.829
120.744
129.792
123.854
123.865
127.597
116.748
136.387
128.866
121.298
133.703
125.344
119.564
124.787
119.128
133.444
127.366
125.929
128.869
125.747
127.621
128.613
126.939
132.472
114.557
122.288
131.628
124.938
123.782
114.446
120.961
131.991
120.333
119.366
119.423
118.282
128.737
130.238
134.88
121.956
124.439
127.247
116.872
116.314
130.261
129.386
129.753
126.822
123.237
122.817
120.086
116.291
124.836
127.782
121.643
128.616
127.885
122.243
121.415
125.141
125.091
119.965
121.028
109.75
119.029
128.929
130.626
124.905
153.855
131.259
113.519
133.748
125.278
118.881
126.847
116.063
115.722
124.252
122.543
126.316
116.257
116.907
128.459
128.122
120.261
129.873
114.262
120.712
117.033
117.399
131.272
131.548
119.505
132.017
123.414
128.217
124.222
116.168
123.139
133.334
132.112
122.236
116.036
116.64
118.672
116.398
120.237
118.586
137
125.773
120.585
124.248
117.687
121.427
129.162
121.042
122.556
134.258
138.573
127.046
140.327
123.471
129.667
124.15
113.427
137.794
119.46
123.972
124.258
126.728
124.274
114.356
139.235
129.108
127.501
123.992
112.472
112.728
126.628
109.703
126.545
114.976
112.363
128.561
129.527
121.296
118.22
134.662
121.559
125.628
130.856
134.311
143.642
97.796
95.892
95.868
94.06
94.239
95.135
96.133
98.666
93.011
93.3
93.891
94.048
93.984
93.101
94.187
92.829
98.929
94.727
104.735
93.74
92.44
103.345
92.242
93.918
94.804
94.241
98.018
93.156
93.182
100.076
92.543
95.612
94.475
92.544
94.038
93.273
94.321
93.661
93.65
93.636
92.776
92.71
131.986
92.897
94.36
95.129
93.143
105.539
93.982
96.407
99.559
132.194
92.764
96.716
93.283
94.238
95.14
93.218
98.175
100.967
144.485
93.322
92.736
93.668
92.947
103.963
94.898
92.795
126.714
131.169
94.664
92.988
94.375
92.993
92.472
94.791
98.658
109.157
135.959
116.659
112.487
137.483
140.235
111.068
101.032
111.214
96.875
96.718
108.019
101.284
94.514
95.452
108.471
93.764
101.431
93.254
108.259
106.942
100.952
96.032
95.273
97.995
116.945
102.514
97.769
94.251
98.851
96.683
103.624
113.765
127.55
128.237
95.919
96.714
105.533
111.124
97.55
110.128
139.27
103.98
92.455
95.842
94.527
93.794
101.218
134.085
103.046
117.649
100.974
109.635
94.986
108.779
97.004
97.544
98.121
96.236
109.396
101.653
100.51
100.222
103.483
125.388
156.178
117.32
104.968
166.085
111.818
139.796
150.937
129.601
139.209
111.586
107.962
144.046
142.072
130.814
154.723
126.968
154.397
151.413
131.927
124.205
111.446
114.384
113.516
99.208
116.05
109.026
139.648
193.642
110.171
104.223
99.099
102.919
110.162
117.184
116.472
123.354
104.104
103.54
99.868
99.374
100.638
99.628
115.825
117.981
111.868
125.616
110.707
107.963
110.003
122.414
115.852
105.12
112.078
109.322
120.92
116.131
118.094
130.137
167.901
113.808
119.049
114.043
110.688
101.47
107.627
101.498
110.813
111.97
101.367
98.775
103.99
115.977
129.944
117.085
108.46
108.385
99.516
95.108
94.889
95.186
111.873
118.552
103.524
94.906
94.51
97.684
94.034
93.841
93.851
97.648
95.404
95.878
105.61
137.221
93.843
95.789
92.632
96.711
94.237
93.286
93.732
96.405
93.589
95.468
95.214
94.303
93.408
140.984
101.39
97.331
95.507
92.908
93.475
93.363
94.617
95.611
152.532
95.117
95.352
91.992
92.936
94.337
94.458
94.338
94.833
98.222
104.141
93.017
93.571
93.383
94.157
100.387
96.055
93.627
93.3
93.86
97.453
94.924
94.974
94.884
95.297
158.465
97.855
101.754
96.456
93.791
94.529
105.188
95.533
122.353
128.047
92.558
96.1
95.22
93.872
93.43
93.151
102.577
129.33
109.514
95.94
92.828
94.509
96.364
100.386
93.275
92.326
93.331
95.486
94.045
92.313
95.071
137.51
113.028
92.481
94.778
106.993
92.636
94.829
109.542
92.703
92.45
93.933
93.988
137.948
95.219
93.013
95.48
93.468
94.026
92.557
105.845
94.314
141.181
102.083
98.779
94.218
94.57
92.391
94.825
92.902
93.448
140.036
94.066
93.424
93.729
93.795
105.479
94.344
94.137
93.563
92.998
95.131
93.509
94.132
98.735
92.561
92.268
95.387
92.965
93.83
93.06
128.761
103.736
93.018
92.6
96.994
93.727
94.503
94.002
94.779
134.891
94.647
92.195
95.335
92.957
96.224
92.9
93.797
93.583
139.952
92.976
94.974
92.901
112.163
96.757
95.404
130.487
116.705
109.622
97.969
97.829
118.983
109.232
99.456
98.02
107.794
93.783
94.735
101.224
102.667
99.245
136.168
98.676
96.844
98.895
100.863
92.746
97.216
110.651
102.238
101.78
99.44
104.044
94.683
102.345
111.515
110.133
121.327
129.855
161.243
130.119
183.499
141.329
139.548
135.942
138.468
157.327
190.882
202.591
164.266
156.677
155.742
159.784
158.407
150.235
146.518
162.622
148.16
138.023
139.979
134.467
140.384
136.65
179.071
107.339
100.274
124.873
142.847
132.371
127.221
122.971
129.33
118.366
151.992
166.528
165.808
140.275
147.63
144.429
179.21
170.71
147.749
164.517
157.88
102.992
108.025
105.841
153.036
107.482
116.812
171.942
141.777
104.699
149.054
168.584
150.873
173.759
164.035
132.677
108.37
136.491
113.407
190.134
144.945
124.53
144.46
107.088
98.865
98.979
130.842
130.114
149.374
110.679
105.266
99.512
96.909
102.918
114.928
105.227
103.826
97.852
97.814
97.117
96.551
93.979
96.005
94.119
92.34
95.703
95.995
93.454
93.725
95.078
93.835
92.812
97.988
93.88
94.844
95.02
94.403
94.127
94.81
93.12
94.298
93.12
154.577
111.086
93.367
95.294
93.006
92.613
91.872
95.199
94.989
130.411
114.265
93.228
94.425
93.237
94.861
94.028
100.241
94.233
159.235
101.369
107.883
95.003
95.273
96.649
93.275
94.738
96.395
92.622
94.296
93.868
95.234
146.756
94.157
93.526
96.85
103.423
108.396
108.257
104.206
118.134
108.474
104.434
97.268
96.022
100.333
100.968
95.164
103.07
103.518
96.032
105.64
111.076
157.024
140.089
131.074
102.8
109.975
123.914
135.556
111.16
103.331
107.162
103.491
104.133
104.31
109.869
104.833
107.325
100.798
103.439
118.963
109.264
109.104
109.937
114.776
105.927
105.217
101.498
101.345
102.614
102.01
102.551
99.675
99.72
100.687
105.1
105.342
106.547
104.346
101.548
107.541
107.441
99.304
103.029
100.27
101.238
98.778
103.267
132.139
127.086
105.068
103.638
101.467
100.522
104.872
104.049
101.855
107.472
103.059
105.682
105.723
100.399
103.277
102.01
143.622
109.612
105.396
101.275
99.45
103.486
103.449
103.362
111.39
148.172
108.448
101.251
102.033
99.983
102.569
102.279
104.505
108.265
139.997
100.784
103.561
103.189
103.84
102.24
108.816
114.033
117.234
104.15
103.917
103.945
105.143
100.217
105.865
105.187
103.15
100.503
103.537
102.657
102.833
100.615
174.089
111.799
101.586
105.614
104.166
103.855
102.727
102.081
115.419
115.779
155.538
105.043
105.728
104.123
101.015
101.528
102.177
105.939
102.036
109.338
101.751
102.652
99.416
103.319
103.193
104.73
123.757
114.336
101.573
105.267
101.29
100.687
102.093
100.129
96.902
103.153
107.364
102.836
103.065
102.639
102.822
102.23
102.742
103.559
101.345
105.341
105.385
104.981
104.613
157.951
115.29
102.404
103.868
102.909
104.653
110.745
104.889
102.439
98.804
100.231
100.618
108.13
101.725
105.796
143.325
141.428
125.484
104.564
104.033
101.972
98.791
102.828
118.821
105.186
102.048
103.275
103.699
108.112
102.473
103.988
120.805
123.512
112.268
93.48
95.227
93.574
97.898
95.559
110.134
108.316
100.855
97.048
93.06
94.672
95.562
97.478
94.201
95.374
95.533
97.886
94.81
140.47
93.836
94.973
94.053
94.049
92.829
92.903
93.958
112.971
119.676
96.608
93.292
96.037
106.738
93.119
94.01
94.087
135.428
104.142
95.061
94.025
93.716
92.64
94.647
93.27
96.596
147.072
109.639
94.68
94.513
94.574
94.166
93.61
93.881
94.908
152.865
95.537
93.535
94.931
93.957
94.11
94.926
93.973
98.129
137.297
109.076
97.175
101.82
93.898
92.829
94.745
95.085
94.019
93.382
99.652
94.01
93.328
92.921
95.304
93.652
125.504
113.972
119.01
95.208
96.919
98.186
94.835
95.68
98.123
182.96
93.727
94.092
94.623
95.298
92.855
99.681
93.954
95.545
131.901
95.796
95.206
94.151
96.023
94.105
98.502
97.787
109.571
137.934
93.881
92.859
94.452
95.864
93.667
94.831
95.533
121.912
103.967
94.983
99.009
94.916
93.65
92.949
94.606
93.626
93.657
93.571
94.237
123.704
123.425
97.453
114.003
94.993
93.471
93.436
94.644
94.355
97.206
94.995
96.77
94.447
94.137
94.141
94.484
92.66
94.539
95.263
101.047
95.146
97.343
94.941
93.826
95.506
93.259
94.146
93.973
98.451
99.265
93.952
94.435
94.895
95.638
126.247
102.56
98.127
94.802
97.827
94.116
93.33
92.6
92.299
130.102
115.354
95.322
96.418
93.826
94.131
92.533
92.81
94.208
155.144
94.658
95.127
104.08
99.973
120.861
103.292
93.505
93.596
93.009
94.167
93.999
92.683
96.05
93.611
93.57
98.371
93.431
93.731
93.25
93.739
93.564
97.111
149.409
93.567
93.043
100.31
97.203
97.244
95.587
99.953
93.314
97.416
95.657
94.738
112.762
96.506
94.173
96.125
100.922
120.605
186.662
135.356
117.315
99.076
99.888
97.192
95.651
93.76
95.483
96.552
100.423
96.273
93.836
94.555
101.081
100.845
97.028
107.266
100.501
96.701
95.216
100.408
93.289
96.161
112.062
98.656
94.737
95.685
96.6
93.418
97.772
96.012
95.825
96.44
98.119
100.606
103.859
184.077
149.005
96.983
101.058
98.901
94.827
130.454
100.836
94.188
96.805
102.179
94.755
113.307
95.967
94.001
96.141
95.342
101.826
93.974
95.484
97.969
103.985
97.728
94.289
93.271
97.247
95.458
94.408
103.903
99.833
95.915
94.775
94.364
93.015
101.091
96.068
103.763
95.076
95.1
97.483
98.958
99.111
102.177
98.573
93.804
147.54
141.188
122.662
110.181
108.336
95.927
108.415
95.635
105.475
94.091
95.82
98.778
102.029
95.348
97.429
99.844
97.188
102.618
93.671
108.107
109.178
117.529
99.609
97.241
94.17
94.334
100.848
104.489
93.944
96.066
97.321
107.665
97.13
97.061
98.347
94.749
103.726
103.07
210.325
133.855
102.638
112.676
106.283
110.636
102.093
97.218
97.894
101.74
103.643
104.458
94.086
97.177
94.625
97.784
104.568
109.209
96.058
109.127
118.494
190.002
142.751
101.94
95.456
94.177
96.764
96.369
95.694
96.773
102.724
96.455
101.907
99.261
96.887
100.844
100.716
103.98
96.468
95.57
93.659
118.84
100.227
191.293
133.275
102.596
100.312
103.381
94.443
98.049
96.473
95.85
103.122
100.469
96.55
94.912
94.445
102.621
94.819
101.431
101.019
98.699
98.239
114.596
98.716
107.502
104.377
96.948
93.384
102.004
96.896
94.377
99.272
93.471
99.319
99.5
96.711
94.556
103.449
96.919
95.877
102.156
102.512
98.579
118.079
184.738
113.793
102.498
96.629
93.99
99.414
95.01
93.119
96.913
95.382
95.963
95.924
96.999
102.232
111.521
101.44
99.747
95.657
93.364
97.128
95.608
96.123
95.68
165.725
124.476
96.475
105.279
99.066
93.162
98.676
96.982
95.41
97.707
94.319
98.386
97.641
99.175
98.843
94.605
96.389
105.628
106.771
97.804
97.506
99.781
93.879
101.194
100.633
94.5
93.722
94.878
93.881
96.223
94.158
97.046
96.035
112.554
95.07
98.553
99.676
100.243
100.151
94.883
103.766
95.602
97.291
94.504
115.378
101.616
103.622
102.387
127.255
101.846
106.572
97.841
96.719
107.808
98.064
118.071
159.194
135.44
109.975
108.426
94.342
96.752
96.582
100.186
102.187
100.613
97.108
104.418
96.117
95.198
93.852
96.816
94.53
94.115
99.999
94.958
111.245
95.449
187.213
129.956
107.723
109.903
95.107
103.907
94.348
126.105
94.621
95.348
100.164
94.886
96.42
100.062
103.053
98.388
105.053
101.705
94.967
98.606
98.446
104.212
208.739
134.929
97.569
99.207
98.661
98.487
99.364
94.684
136.57
97.585
113.063
97.06
99.384
98.727
98.639
94.353
93.397
106.449
97.072
99.086
106.505
108.583
148.08
147.955
104.533
113.207
99.365
95.94
122.274
111.03
95.748
96.616
96.002
105.471
101.054
93.732
107.762
96.847
106.697
95.711
100.817
99.572
98.123
95.93
159.648
137.802
100.832
100.609
99.271
98.459
94.627
105.045
94.229
112.411
95.343
96.393
108.709
93.736
97.217
96.143
95.546
94.43
97.846
94
99.061
99.701
140.044
150.99
114.687
94.791
99.939
101.028
97.059
98.416
93.885
94.536
99.757
97.748
96.731
101.715
109.772
97.241
97.02
97.852
99.152
95.359
100.832
103.497
160.244
158.585
112.379
100.513
101.414
103.852
94.78
97.523
93.677
93.591
100.645
101.487
94.093
93.605
93.594
95.251
93.459
93.062
93.678
96.921
97.573
106.82
99.134
144.853
171.181
93.77
96.795
95.805
94.175
94.625
96.083
96.583
96.231
132.647
101.131
94.173
94.848
101.589
98.177
95.494
95.872
97.38
100.47
95.086
100.989
103.492
100.538
93.851
94.509
96.917
97.306
99.89
98.271
98.932
102.787
96.235
100.464
108.975
102.667
94.94
96.037
105.813
106.406
96.485
100.031
94.517
94.487
95.427
96.492
97.312
107.749
169.715
136.998
99.793
111.699
97.891
93.985
96.797
100.86
99.305
93.794
94.252
99.08
94.137
94.592
97.43
97.948
112.201
94.129
96.003
100.738
100.968
108.169
129.601
148.569
122.502
97.346
94.053
100.835
98.638
96.008
100.657
126.857
94.135
94.46
102.646
96.595
101.683
100.548
96.553
99.571
94.36
95.24
99.891
96.463
117.497
163.851
125.681
98.648
96.265
95.145
96.55
96.5
101.289
95.545
96.448
99.688
101.653
100.201
96.95
100.738
96.165
99.17
95.129
93.653
97
97.889
117.849
176.483
131.026
94.684
105.447
95.857
99.57
94.117
108.232
94.975
94.717
95.988
97.332
95.212
94.427
94.807
99.404
94.823
96.512
103.115
94.324
96.759
100.225
96.419
94.462
98.059
92.907
93.734
93.853
101.422
105.047
99.182
100.281
94.08
97.533
165.047
115.893
100.479
96.561
99.42
94.458
100.762
96.865
96.119
102.167
99.445
93.609
94.772
98.056
99.722
99.13
93.716
97.612
102.459
98.051
106.322
102.12
106.682
96.804
100.723
108.585
106.432
151.156
156.615
115.18
98.727
96.279
93.705
98.348
99.535
100.332
93.799
95.094
99.175
102.64
94.853
100.62
99.17
97.301
96.287
95.81
95.778
103.238
99.184
108.24
173.713
117.803
99.427
109.114
105.502
97.069
96.666
99.473
99.921
94.63
93.596
93.342
96.653
94.246
99.372
103.16
112.397
94.179
93.19
94.781
100.343
94.412
94.461
95.439
95.269
102.981
100.083
93.606
93.566
94.202
107.088
94.337
99.537
93.318
105.302
94.908
96.233
96.32
95.267
95.717
94.956
101.459
101.591
95.502
95.767
98.094
95.857
119.336
98.325
107.712
99.017
100.227
95.686
102.566
196.014
121.385
103.251
113.761
99.206
105.714
99.286
101.696
100.53
95.728
96.398
93.629
97.155
103.359
101.96
94.715
94.962
95.733
95.331
96
102.569
95.192
96.1
93.432
110.244
169.594
126.976
98.96
97.063
93.365
93.37
96.734
98.941
93.02
101.761
99.11
99.739
100.771
99.498
97.98
102.158
96.976
97.344
102.454
113.26
121.543
93.617
171.832
120.935
98.265
94.985
99.435
96.524
96.964
97.572
98.995
93.473
98.92
96.164
92.64
101.278
103.923
102.059
93.906
96.025
94.908
97.156
96.853
97.384
169.647
140.109
125.314
95.388
93.359
101.183
104.864
115.136
102.843
96.118
93.09
99.361
96.135
115.48
102.493
111.32
98.927
94.012
97.78
95.054
94.926
103.959
119.408
152.872
131.909
96.916
97.876
97.02
99.793
96.88
95.707
92.73
96.242
96.442
95.107
93.564
97.039
97.453
102.792
97.186
102.437
94.829
94.07
102.41
102.624
164.238
130.328
111.281
100.639
100.543
97.194
95.27
102.281
100.718
102.552
98.796
99.88
106.243
98.488
94.301
98.332
100.393
104.002
99.267
95.771
107.899
106.873
170.289
133.073
97.207
102.695
99.37
95.25
98.881
100.565
96.402
95.567
100.726
94.614
99.849
93.911
93.948
95.321
99.989
99.028
96.042
97.715
108.94
95.982
188.425
135.492
114.316
93.973
96.993
94.43
106.681
109.914
94.05
97.328
97.055
97.514
102.197
98.936
93.061
93.629
94.849
104.397
97.275
93.504
98.408
99.367
100.881
186.431
116.87
101.814
99.314
109.771
95.988
95.321
99.656
94.524
99.664
95.219
93.442
105.518
95.483
93.796
96.312
108.347
96.587
98.498
93.406
96.876
113.705
97.443
94.959
96.112
101.021
97.373
116.442
93.233
94.616
97.406
95.629
103.937
103.88
115.769
97.939
108.144
102.055
99.499
93.566
98.636
95.459
99.032
178.331
124.171
102.037
98.632
94.716
93.778
94.907
94.693
101.809
94.274
98.22
93.778
94.776
94.229
95.581
97.135
103.477
114.107
102.479
105.363
95.665
96.36
177.659
116.272
111.409
103.216
96.46
98.724
94.571
100.34
99.302
107.833
98.785
98.341
99.441
100.649
97.425
97.814
95.748
101.186
101.787
98.66
93.815
102.604
188.459
120.856
97.469
105.947
99.12
98.669
97.427
98.753
95.375
99.791
97.527
119.946
105.659
95.024
100.482
94.247
94.832
93.264
96.841
97.848
112.943
100.456
182.174
117.22
100.586
96.912
94.518
94.812
95.537
94.602
93.289
99.515
98.247
94.184
98.393
95.225
107.059
102.988
97.707
96.331
93.381
97.004
95.111
101.905
95.25
98.363
102.035
94.652
101.415
93.577
98.21
98.727
95.355
96.654
106.025
93.678
93.993
96.028
101.784
94.551
96.822
104.807
97.586
102.199
103.957
170.976
127.254
119.782
101.763
100.677
98.333
95.935
95.989
102.049
94.165
103.652
94.584
95.216
95.487
101.027
94.713
100.959
100.489
102.266
110.09
96.734
212.054
131.614
106.289
94.568
103.96
96.535
94.665
100.769
95.845
92.884
101.288
106.662
99.279
104.467
109.905
103.06
94.017
98.499
102.577
95.982
105.753
93.991
94.692
100.346
98.548
101.124
93.478
97.27
99.877
102.018
99.07
103.464
94.575
99.43
99.883
96.031
104.901
93.954
96.719
95.028
97.44
100.412
97.778
100.418
104.832
97.142
104.558
101.986
101.203
94.995
100.309
97.17
98.322
101.656
117.637
97.802
95.5
98.549
93.261
142.06
149.151
103.781
95.522
94.034
96.284
97.407
101.743
97.113
97.066
99.9
96.9
169.565
120.344
102.282
95.954
103.537
93.925
102.881
101.974
94.114
112.357
99.589
94.624
96.735
97.219
98.663
94.585
96.07
96.342
99.145
92.922
106.207
96.315
168.671
157.253
98.474
97.115
97.327
98.456
94.193
97.06
103.119
95.719
93.215
96.847
102.125
98.832
104.916
100.579
93.182
94.207
98.307
97.432
96.763
96.467
94.228
199.6
120.805
97.856
100.183
100.811
95.001
100.711
97.555
94.923
96.865
106.868
94.225
93.993
98.811
98.321
95.531
96.054
94.323
96.037
112.481
105.096
92.997
94
104.492
96.528
98.243
94.93
98.606
98.692
101.158
103.401
96.314
95.915
97.88
161.394
125.924
111.818
100.745
105.232
98.337
99.795
93.803
97.724
96.886
100.931
100.31
94.899
102.14
93.557
94.389
93.891
95.154
95.441
99.089
94.495
102.06
93.989
157.452
130.041
115.492
98.197
99.062
95.961
95.644
96.199
112.703
98.042
94.18
96.605
96.935
94.187
95.97
95.801
105.01
101.932
96.803
97.954
101.636
101.167
99.292
100.737
102.229
96.367
93.362
94.372
98.402
100.143
102.649
101.504
97.47
95.336
115.749
95.411
112.513
183.791
126.741
97.581
98.36
93.403
98.955
96.494
118.09
97.858
98.265
99.086
101.096
97.134
101.307
94.561
98.002
103.425
95.026
96.705
100.069
100.363
94.565
94.055
94.411
95.492
94.316
96.454
94.91
96.141
106.49
101.175
95.341
98.705
95.247
94.811
100.99
95.538
96.916
97.383
98.833
95.47
95.415
95.485
95.612
93.598
138.24
159.609
115.699
96.006
107.711
93.979
93.972
101.3
94.468
120.959
93.269
94.118
102.459
129.366
94.655
97.319
104.349
96.916
103.302
99.909
95.288
100.847
102.327
101.731
100.651
99.429
212.729
134.968
97.984
96.322
94.823
94.182
97.655
98.974
100.537
94.059
97.14
102.992
95.702
100.043
106.342
94.082
94.417
99.234
98.444
107.975
100.648
95.993
141.001
147.78
132.179
99.775
97.65
98.094
99.584
101.173
94.784
93.741
99.736
97.654
104.058
96.472
96.15
107.472
96.628
98.091
101.2
95.919
98.653
102.351
170.875
117.991
95.495
101.845
96.764
98.862
94.361
97.597
99.084
99.517
93.498
99.079
96.083
97.969
97.169
121.379
99.741
95.288
94.15
95.43
97.552
96.418
170.034
154.843
116.708
100.479
96.912
96.488
99.43
102.524
95.791
100.377
102.595
100.223
101.769
96.796
106.563
93.038
100.225
94.969
95.864
96.524
97.786
96.797
96.256
94.738
104.475
97.21
96.114
100.557
96.503
93.401
95.439
93.128
94.551
93.916
97.534
107.182
95.461
105.239
94.117
97.807
182.342
126.052
101.025
96.419
96.439
97.692
98.421
95.742
98.12
96.724
93.886
96.805
99.797
98.569
105.466
94.191
94.132
102.053
94.484
96.686
98.066
104.583
124.84
178.731
128.134
95.214
95.305
97.78
101.308
100.996
95.901
97.315
94.633
100.361
101.066
103.261
95.495
96.219
96.298
102.614
94.851
96.849
93.923
98.441
118.773
93.899
98.122
97.149
93.513
101.935
93.662
99.841
99.518
95.518
94.219
94.432
98.605
95.3
96.368
94.454
96.298
95.131
96.042
97.897
94.924
93.492
119.559
98.391
97.553
94.292
98.104
97.747
99.165
101.768
124.639
168.33
134.098
108.928
109.308
96.889
95.906
96.815
98.877
94.988
100.339
102.672
97.199
104.761
100.929
98.482
96.803
99.081
95.424
102.778
96.263
105.507
128.732
158.552
128.951
96.808
95.087
102.485
101.1
98.439
93.955
94.514
102.4
98.028
101.023
97.138
93.175
98.88
100.383
95.139
97.867
99.297
106.296
114.766
170.593
148.986
118.995
99.464
98.116
97.357
94.405
96.262
101.427
98.12
93.526
94.136
101.422
111.561
94.39
103.61
96.729
94.108
101.321
98.546
104.277
102.127
123.222
152.31
122.544
100.357
93.328
97.524
93.691
101.645
97.26
102.97
102.68
95.638
96.495
100.253
96.846
101.871
102.544
99.185
106.894
93.207
115.204
93.753
169.601
142.044
105.273
94.884
98.305
99.412
95.78
106.425
99.823
100.698
98.329
94.887
100.674
96.702
97.25
100.134
103.326
94.108
95.9
96.743
93.422
98.293
96.025
183.555
121.781
94.315
100.305
106.908
96.687
95.442
96.25
94.862
96.171
98.424
101.996
94.718
97.618
106.369
95.806
95.833
97.31
94.154
99.313
101.187
96.521
110.436
152.714
137.609
98.336
98.2
101.34
98.139
101.043
96.967
103.492
98.443
93.744
95.249
95.324
98.784
108.91
99.3
95.701
97.31
97.085
95.008
110.887
95.863
175.79
121.106
98.026
102.535
96.25
97.284
102.359
97.145
97.492
99.753
102.017
94.023
96.383
95.687
103.05
96.282
95.757
94.402
99.211
107.408
98.824
99.127
99.356
95.465
96.089
96.586
96.07
96.013
95.383
106.926
96.88
93.25
95.658
96.057
98.479
94.325
100.237
100.277
97.779
97.856
108.092
106.259
95.949
93.348
97.899
94.99
97.892
112.082
189.488
118.833
95.623
102.838
97.786
98.407
94.501
97.786
101.38
95.106
102.169
98.635
97.824
96.184
106.381
94.2
94.638
98.957
112.896
100.621
101.472
100.06
132.34
144.851
111.474
104.165
101.775
99.401
94.073
98.125
101.937
99.51
95.187
95.79
96.167
107.188
94.856
95.509
97.081
93.284
100.74
94.509
98.212
117.097
128.007
159.429
123.12
102.562
93.555
93.466
95.799
94.801
98.214
93.999
97.694
99.782
98.03
94.801
98.723
94.623
93.52
93.309
94.102
94.485
94.033
101.394
96.658
111.596
178.546
121.27
101.555
98.566
96.755
97.226
99.571
133.782
95.837
99.185
94.239
94.144
95.616
100.336
99.295
100.443
96.739
109.822
106.407
103.865
96.762
101.943
96.735
94.023
98.163
93.725
95.026
101.835
96.812
102.644
110.041
95.601
98.102
93.794
93.947
100.096
102.079
97.663
110.011
191.606
127.254
100.536
97.447
95.217
98.723
97.705
112.89
104.034
96.28
96.562
95.799
95.056
94.484
94.181
93.671
99.449
111.595
93.756
93.163
120.227
103.07
96.894
100.106
105.367
147.139
132.232
115.4
93.293
96.328
99.645
96.461
100.896
94.49
96.427
98.845
98.568
95.599
95.032
100.513
97.237
95.346
95.45
101.8
92.914
93.308
105.176
97.003
164.855
137.358
96.891
98.544
95.602
97.446
99.412
94.806
100.896
111.118
98.187
104.439
108.88
93.995
103.945
96.057
96.774
96.966
93.266
99.203
101.161
115.048
95.918
95.043
95.648
94.663
96.429
103.562
94.984
93.293
96.571
96.193
95.272
98.726
101.672
98.692
100.024
101.231
97.239
100.913
100.501
94.16
106.881
97.791
93.695
99.328
93.435
96.676
96.629
154.792
142.479
116.397
96.204
95.318
98.856
93.914
97.37
95.768
92.9
97.853
97.457
96.14
98.987
99.229
94.718
93.499
96.896
94.266
98.891
97.155
104.598
94.564
93.95
95.333
100.934
134.202
149.085
125.666
99.858
95.283
96.607
94.694
97.908
99.187
95.824
103.529
94.751
95.22
98.66
99.657
94.507
95.664
95.16
93.513
93.531
114.161
99.885
94.254
136.456
149.002
130.19
94.758
97.42
101.115
100.684
99.207
99.486
95.025
100.687
101.283
104.731
95.528
94.065
95.064
98.364
97.005
100.088
99.528
98.338
109.907
152.947
138.896
117.33
103.206
94.232
102.768
95.491
97.969
95.513
101.666
101.404
98.803
93.447
114.184
94.491
96.541
126.55
97.974
97.576
97.098
98.745
113.277
94.999
188.916
125.875
94.289
110.209
96.415
98.232
98.258
93.886
93.344
105.082
105.108
103.116
94.139
93.763
95.381
94.876
94.795
94.885
96.594
96.817
109.603
94.428
124.841
153.333
132.58
99.58
97.757
95.175
104.274
99
119.835
102.641
95.247
111.747
104.31
95.509
98.624
102.338
98.179
96.939
98.777
97.619
108.119
161.083
124.777
120.332
115.717
98.498
94.909
93.689
101.957
95.97
95.658
93.808
93.558
95.121
96.149
98.341
98.466
93.547
96.736
92.966
99.14
102.645
103.432
95.536
186.732
140.734
99.391
98.744
95.817
99.827
104.323
106.856
97.76
99.889
103.355
97.391
94.367
95.027
101.335
97.204
103.626
107.611
99.286
95.568
105.787
95.144
98.935
97.307
99.927
100.635
99.842
95.711
94.018
92.364
95.177
94.495
111.4
100.84
93.543
95.296
100.172
99.144
99.437
100.617
97.337
98.925
95.1
100.662
178.608
121.065
96.873
103.682
97.853
95.008
104.374
99.15
103.772
92.688
101.615
104.401
96.433
104.545
96.244
94.602
97.711
99.99
94.236
96.33
94.698
102.386
176.93
116.331
96.644
94.731
95.201
96.463
99.679
95.968
100.354
94.303
97.468
93.403
96.222
95.428
96.679
111.577
93.504
95.388
103.2
93.493
93.087
100.199
101.799
190.185
126.086
103.832
99.446
95.849
93.544
95.708
100.999
95.324
96.861
93.981
93.099
96.596
100.914
100.352
97.71
95.055
95.296
95.797
99.143
96.022
115.333
101.263
198.241
115.454
101.464
99.857
96.358
107.965
97.715
93.51
100.372
93.781
101.228
100.85
95.472
103.137
98.946
95.07
100.235
106.787
102.702
104.33
103.041
100.128
171.623
137.123
94.84
100.212
95.612
97.477
112.961
94.623
98.485
93.345
96.615
94.669
95.6
101.788
95.799
102.192
94.84
93.958
96.397
98.949
99.55
95.482
123.898
162.57
122.339
97.133
103.683
95.527
101.212
100.628
95.38
94.528
96.508
103.733
99.647
94.956
111.938
96.11
97.356
98.401
97.14
94.202
95.059
100.28
95.596
172.44
127.161
97.611
99.286
102.484
97.022
94.074
93.348
100.309
102.634
100.139
100.516
100.83
94.907
96.44
95.697
97.528
94.263
94.114
95.812
104.871
100.823
114.866
169.161
122.385
107.478
102.263
94.765
93.53
93.316
93.328
107.237
106.407
119.284
98.953
95.991
101.21
103.816
95.651
95.515
93.851
93.775
98.66
110.946
98.034
100.084
94.214
94.449
105.499
93.895
100.845
95.659
97.072
95.041
96.249
96.328
102.276
93.339
95.631
96.819
99.43
93.402
97.172
96.073
94.451
99.953
94.549
112.827
97.975
103.331
183.934
138.227
98.501
120.275
101.119
97.404
95.518
104.285
97.121
94.878
95.068
98.536
93.357
96.161
95.222
94.692
94.674
95.804
94.455
103.875
96.607
98.94
95.97
161.148
138.909
106.4
95.981
94.792
94.988
98.858
98.132
94.129
98.027
97.618
93.671
99.736
97.315
99.413
100.754
97.455
97.299
94.001
94.654
97.649
98.53
95.705
171.403
133.004
98.962
99.549
103.883
103.235
98.531
97.407
99.284
96.282
99.575
99.701
99.855
93.905
94.873
100.404
99.924
97.041
94.725
94.787
97.305
94.254
150.237
156.634
94.608
105.665
96.658
95.912
94.975
96.319
94.403
103.44
96.423
102.046
94.188
111.183
104.949
95.794
102.971
99.942
113.366
94.595
107.694
113.518
159.421
125.513
105.004
97.116
101.478
101.493
96.812
100.321
102.314
95.989
102.354
98.211
98.053
102.518
94.176
95.734
99.981
98.414
99.417
100.408
99.438
211.617
129.613
97.027
100.073
96.352
95.831
98.274
96.168
94.315
103.276
99.614
98.813
99.826
118.453
94.58
93.291
100.354
99.714
99.673
98.932
108.336
97.401
94.972
101.724
93.303
97.266
94.377
95.65
95.484
105.44
95.435
103.874
97.913
93.953
93.722
153.397
144.916
119.056
99.466
95.883
97.407
96.119
95.96
97.23
94.079
93.055
94.264
96.016
99.798
94.762
99.127
94.727
99.303
98.377
110.639
106.175
110.24
93.565
133.683
154.932
110.888
98.811
96.062
101.49
96.01
95.958
97.526
98.345
97.672
93.278
99.414
102.583
97.039
101.512
97.35
105.621
93.827
98.469
99.252
99.243
98.405
96.529
96.05
94.495
95.964
95.433
95.809
100.275
100.149
97.444
99.081
94.93
94.987
95.503
97.808
94.83
109.482
98.916
97.037
95.065
102.393
94.504
101.016
99.575
94.349
96.512
101.005
105.766
94.571
95.982
98.847
97.235
93.4
101.027
133.599
116.737
101.129
105.8
105.405
95.889
109.989
99.042
98.808
96.109
93.744
96.431
92.858
94.338
101.648
99.863
96.087
95.545
95.377
97.737
123.493
161.177
120.982
107.892
105.93
100.767
99.336
99.066
96.664
94.971
95.429
105.151
108.384
107.803
96.407
103.225
104.884
98.604
97.131
101.752
96.336
95.72
108.788
182.091
127.789
98.992
96.418
99.092
96.933
96.442
95.764
98.822
93.942
95.256
95.197
95.023
96.131
98.494
96.039
95.539
94.082
95.728
99.835
100.555
96.865
133.814
213.405
138.755
96.651
96.087
94.549
96.297
94.947
100.058
100.615
97.348
100.982
107.201
96.371
101.537
101.296
93.811
99.585
105.504
94.492
93.597
117.459
98.365
162.28
155.674
109.759
96.422
98.299
99.665
102.066
94.348
93.974
98.699
97.544
96.661
95.186
101.276
93.762
95.726
120.661
121.351
115.02
101.112
96.536
139.195
115.675
103.871
113.988
115.752
102.137
101.871
98.812
108.085
159.624
135.116
107.034
114.785
105.503
114.851
132.383
