348862
272958
254252
307244
569766
555202
461568
387187
359843
336563
264593
215152
192838
201609
233837
245697
247816
302511
393349
507934
538237
281073
159713
138319
123603
120925
109536
107748
119019
121398
130921
143281
151191
146766
134810
110691
96976.6
95867.7
81858.7
76760.7
74608.6
69410.2
66198.6
55330.9
56418.1
62412.5
63240.4
60989.4
60269.8
61912.3
65755.9
67258.1
67305.6
64934
64930.8
67610.9
65669
70457.3
64201.6
62948.6
70634.7
62931.2
61458.4
67960.9
60034.1
60899.8
53601.5
50198.3
46891
39409.3
35711.2
33022.4
29986.2
27453.7
25257.3
23480.4
23457.4
23527.1
22655.8
20657.4
18404.3
17317.4
17567
17517.4
16220.4
13976
12301.5
12372.2
12926.9
12482
11090.4
10109.9
10592
11518.8
11515.4
9997.59
7828.06
7432.37
8777.02
9324.47
8193.32
6264.16
5617.43
6774.14
7802.24
7595.1
6220.82
5011.45
5700.42
7045.32
7265.65
6032.92
4380.85
4458.12
5847.49
6533.23
5899.52
4439.21
3847.44
4957.97
5959.74
5811.14
4616.23
3516.45
4047.99
5202.51
5519.84
4686.42
3416.19
3446.69
4616.4
5220.41
4721.9
3538.15
2960.66
3742.93
4565.51
4541.65
3685.04
2895.35
3387.86
4338.81
4584.35
3911.29
2919.05
2826.09
3597.08
4050.54
3710.46
2822.5
2397.28
3058.85
3729.08
3685.51
2947.2
2216.57
2497.5
3215.33
3434.1
2951.32
2199.91
2195.12
2902.49
3322.79
3082.96
2390.89
1995.08
2419.28
2929.92
2936.52
2428.85
1943.15
2200.7
2772.46
2952.06
2586.23
1998.02
1880.61
2312.09
2611.34
2447.36
1953.22
1703.28
2067.47
2478.67
2481.9
2067.28
1629.44
1723.36
2127.21
2258.66
2002.46
1594.88
1574.67
1962.7
2224.98
2098.71
1698.95
1439.75
1638.81
1929.9
1944.07
1654.57
1367.31
1486.33
1811.59
1930.54
1725.12
1369.95
1262.45
1494.86
1681.05
1596
1303.95
1136.53
1331.95
1580.79
1592.61
1344.66
1061.21
1085
1315.88
1412.45
1262.69
999.311
953.244
1179.09
1345.63
1275.83
1015.8
822.416
938.198
1132.62
1150.2
960.205
742.352
794.607
1010.11
1098.13
969.593
720.832
632.531
806.856
950.914
905.224
698.529
547.308
674.937
855.208
876.079
713.601
504.31
526.496
711.839
796.421
703.369
504.061
438.528
600.133
727.536
694.522
523.401
386.868
491.648
646.896
675.388
556.254
393.401
408.787
557.356
628.357
559.869
409.493
363.874
492.199
597.698
581.103
457.674
352.16
413.665
525.567
548.802
463.954
354.639
374.966
487.713
545.639
499.046
388.242
338.74
413.155
486.673
475.749
390.679
327.445
379.904
465.42
485.54
422.854
334.334
326.607
395.707
436.15
403.045
327.416
302.745
364.256
422.03
414.237
345.59
282.506
302.151
359.332
373.847
327.91
266.642
270.87
329.995
363.468
336.421
269.298
232.417
268.416
311.259
305.94
254.041
209.977
234.717
285.463
298.482
258.956
198.89
187.936
231.479
259.296
239.069
186.213
161.23
198.955
238.097
234.536
188.196
140.568
154.28
197.527
210.72
180.097
131.165
126.986
169.538
195.371
179.257
131.933
103.637
135.567
171.038
171.03
135.026
96.4681
110.983
149.176
161.613
137.712
96.9579
92.56
129.02
152.333
142.167
106.905
84.8571
108.332
136.101
137.238
111.157
84.352
96.7785
126.922
138.156
121.919
92.7718
86.2123
109.033
125.727
119.078
95.5654
83.4772
101.501
122.546
124.298
105.71
84.8482
87.9109
106.318
114.02
102.972
84.3974
82.7977
100.352
113.134
108.306
89.9271
76.9746
84.8487
98.2705
99.3522
86.3465
73.1585
77.8669
92.7185
98.8068
89.7576
73.1286
66.9858
76.9008
85.735
82.111
68.7162
60.668
68.9601
80.4757
81.3545
69.8529
55.9941
55.7554
66.1084
70.8927
63.9749
51.2383
48.1089
58.2387
66.3132
63.2213
50.6194
40.5128
45.4451
55.0148
56.2258
47.1106
35.9652
37.664
48.136
52.816
46.8454
34.4338
29.4219
38.1446
45.7252
43.8773
33.7083
25.483
31.308
40.4391
41.9342
34.3113
23.957
24.9874
34.5322
39.2231
35.1273
25.5268
21.7015
29.1285
35.5555
34.4627
26.7871
20.7156
25.6358
33.231
35.0101
29.8068
22.4425
22.4848
28.927
32.4532
29.7414
23.4737
21.6896
27.23
32.1811
31.7226
26.4416
21.7883
23.7554
28.4422
29.6734
26.2625
21.9179
22.6934
27.4308
30.1061
28.1938
23.439
21.015
23.5992
26.6587
26.2986
22.7908
20.1783
22.1514
25.7645
26.6977
23.9497
19.991
19.209
21.8135
23.5395
22.1307
18.8548
17.6399
20.0818
22.6004
22.252
19.1067
16.0746
16.5272
18.8921
19.5468
17.4649
14.6073
14.5464
17.0847
18.6199
17.3467
14.1156
12.1333
13.5582
15.5383
15.3217
12.8271
10.54
11.4923
13.8896
14.5573
12.642
9.59501
8.86577
10.9912
12.4482
11.5235
8.84589
7.35206
9.14356
11.1582
11.0727
8.79876
6.32298
7.02632
9.33267
10.1346
8.70841
6.20614
5.79216
7.90718
9.29068
8.62604
6.41328
5.11172
6.74621
8.58635
8.72717
7.12072
5.30808
5.80058
7.55587
8.2361
7.26758
5.60487
5.50624
7.13139
8.26691
7.91084
6.43815
5.46447
6.27085
7.44914
7.5725
6.56315
5.58552
6.08001
7.33591
7.86722
7.21964
6.02337
5.64761
6.43513
7.11979
6.88079
5.9718
5.51674
6.18887
7.05547
7.14508
6.36079
5.45707
5.44449
6.10982
6.42255
5.96819
5.20815
5.10239
5.7764
6.30905
6.09192
5.27168
4.64348
4.85774
5.3804
5.41757
4.84316
4.24614
4.38241
4.9919
5.25191
4.82762
4.03868
3.67898
4.04866
4.43004
4.25929
3.62532
3.20386
3.52648
4.04485
4.08378
3.5248
2.82189
2.74862
3.22512
3.46467
3.13307
2.48392
2.2685
2.73988
3.14544
3.00512
2.37305
1.83029
2.07339
2.58186
2.6719
2.22596
1.62534
1.66497
2.20307
2.46524
2.19372
1.58189
1.33492
1.80867
2.22484
2.17065
1.69351
1.27276
1.52117
1.97261
2.07666
1.75347
1.31788
1.39121
1.84533
2.09203
1.93604
1.53183
1.3513
1.6319
1.92
1.89883
1.60707
1.39895
1.59917
1.92515
2.01982
1.81634
1.52341
1.49316
1.72213
1.8709
1.7753
1.54731
1.48843
1.6968
1.90137
1.88873
1.67425
1.4773
1.51815
1.6854
1.73528
1.60232
1.43536
1.45653
1.63591
1.74447
1.66174
1.45621
1.33434
1.40809
1.52092
1.50256
1.35417
1.23932
1.30423
1.44663
1.482
1.35561
1.17099
1.11204
1.20251
1.2699
1.20375
1.05288
0.985195
1.0775
1.18386
1.1637
1.01196
0.858049
0.859099
0.95882
0.987361
0.886457
0.741786
0.722807
0.835044
0.907528
0.84491
0.681389
0.571675
0.636082
0.736843
0.729913
0.603776
0.475517
0.512997
0.635396
0.673975
0.580785
0.422642
0.383531
0.502495
0.586665
0.548024
0.413418
0.326403
0.414136
0.521195
0.525922
0.422889
0.310716
0.354091
0.47414
0.522539
0.464461
0.354708
0.32992
0.419239
0.486851
0.466187
0.382213
0.34111
0.410825
0.493883
0.506741
0.445165
0.375239
0.385486
0.450345
0.481287
0.448404
0.39258
0.392774
0.45438
0.502066
0.490377
0.433512
0.393198
0.41432
0.456122
0.462006
0.425401
0.391097
0.407875
0.454753
0.475953
0.449309
0.39962
0.378337
0.401065
0.425047
0.414788
0.378505
0.358995
0.381595
0.414336
0.416465
0.381426
0.339835
0.331948
0.353449
0.36396
0.34328
0.309407
0.301074
0.325502
0.346223
0.334726
0.295724
0.263307
0.266708
0.286403
0.286495
0.258913
0.228918
0.230743
0.255822
0.266581
0.245289
0.205471
0.184368
0.199068
0.216692
0.208188
0.1758
0.151469
0.164411
0.189514
0.191729
0.163466
0.125967
0.120911
0.146693
0.160744
0.144914
0.110152
0.0955343
0.119915
0.142352
0.137112
0.106132
0.078821
0.0943569
0.123364
0.130737
0.110898
0.0818363
0.0819748
0.108011
0.122582
0.112662
0.0883562
0.081255
0.103528
0.124054
0.124017
0.105669
0.0894576
0.0970645
0.115017
0.120856
0.110178
0.0967168
0.100833
0.118536
0.129451
0.12438
0.109623
0.102193
0.110272
0.120697
0.120609
0.110922
0.104551
0.11158
0.123727
0.127623
0.119756
0.108158
0.105227
0.111907
0.116969
0.113316
0.104885
0.102386
0.10942
0.116899
0.115981
0.106763
0.0977574
0.0973308
0.102403
0.103697
0.0979363
0.0907616
0.0905886
0.0968222
0.100636
0.0964679
0.0868605
0.0802584
0.0816147
0.0853058
0.0838979
0.0769168
0.0710872
0.072705
0.0780774
0.0790696
0.0727309
0.063442
0.0594591
0.062505
0.0650818
0.0616255
0.0539483
0.0497492
0.0532145
0.0578764
0.0566592
0.0488697
0.040564
0.0399602
0.0448288
0.0463733
0.0412215
0.0332116
0.0313614
0.0369683
0.0408937
0.0379054
0.0293733
0.0233761
0.027418
0.0334803
0.0337609
0.0275344
0.020416
0.0220575
0.0287382
0.0313208
0.027389
0.0203719
0.0194543
0.0259776
0.0307422
0.029695
0.0242392
0.0206371
0.0239551
0.0287624
0.0295817
0.0261528
0.0229068
0.0250564
0.0300392
0.0324516
0.030602
0.0268162
0.0257401
0.0285042
0.031094
0.0306785
0.0281693
0.0272062
0.0296873
0.032827
0.0334683
0.031262
0.0286598
0.0285612
0.0304873
0.0315571
0.0304498
0.0285957
0.0285853
0.0306679
0.0323804
0.0318526
0.0295283
0.0276762
0.0279371
0.029148
0.0292122
0.0277305
0.0263191
0.02671
0.028281
0.0289369
0.0276583
0.0253751
0.0240868
0.024519
0.0251789
0.0245659
0.0229026
0.0218544
0.0224678
0.0235874
0.0234725
0.0217316
0.0196256
0.018879
0.0194674
0.0197172
0.0186323
0.0169142
0.0162507
0.0170809
0.0178514
0.0171723
0.015164
0.0133791
0.0132808
0.014079
0.0140092
0.0125608
0.0108767
0.0107248
0.0118531
0.0123574
0.0112497
0.0091129
0.00789372
0.00869685
0.00972394
0.00936171
0.00762495
0.00612812
0.00675755
0.00818536
0.00843364
0.00707076
0.00515765
0.00510309
0.00675057
0.00770747
0.00711186
0.00550823
0.00477652
0.00594879
0.00714641
0.00711356
0.00599773
0.00519496
0.00603573
0.00740009
0.00788899
0.00725078
0.00627841
0.00624257
0.00713448
0.00776651
0.00754867
0.00689839
0.0068343
0.00764596
0.00845623
0.0085336
0.00793246
0.0073778
0.00752623
0.00807797
0.00830495
0.00799542
0.0076155
0.00777437
0.00837698
0.00877326
0.00858276
0.00801876
0.00766858
0.00782732
0.00812483
0.00809558
0.0077392
0.0074942
0.00769561
0.00809324
0.00819685
0.00784001
0.00731659
0.00708392
0.00721454
0.00732908
0.0071355
0.00676105
0.00659775
0.00679252
0.00702293
0.00692201
0.00646983
0.00600333
0.00586656
0.00597467
0.00595961
0.00566005
0.00529216
0.00520218
0.00539088
0.00549588
0.00525389
0.00475753
0.00437537
0.00434795
0.00445364
0.00434526
0.00397422
0.00363631
0.00364029
0.00384483
0.0038595
0.00351816
0.00301461
0.0027642
0.00288922
0.00301297
0.00282909
0.00240115
0.00212481
0.00227629
0.00252281
0.0024701
0.00205992
0.00159873
0.00159364
0.00192016
0.00205462
0.00181302
0.00137631
0.00125539
0.00158307
0.00183502
0.0017392
0.00137555
0.00116713
0.00144439
0.00179494
0.00187012
0.00165151
0.0013976
0.00145866
0.00173269
0.00187787
0.00178383
0.00160932
0.00164224
0.00189668
0.00210409
0.00210002
0.00193738
0.00182795
0.00191382
0.00207131
0.0021187
0.00203527
0.00196546
0.0020487
0.00222138
0.00231446
0.00225574
0.00212409
0.0020686
0.00213359
0.00220963
0.00219574
0.00211574
0.0020846
0.00216124
0.00226354
0.00227831
0.00218524
0.00207042
0.0020354
0.00207509
0.00209558
0.00204322
0.00196447
0.00194814
0.00200652
0.00205441
0.00201612
0.00190386
0.00180344
0.00178046
0.00180017
0.00178273
0.00170674
0.00163163
0.00162472
0.00166693
0.0016751
0.00160196
0.00148271
0.00140068
0.00139167
0.00139901
0.00135581
0.00126614
0.00119974
0.00120559
0.00123856
0.00121897
0.00112362
0.00100748
0.000952829
0.000965567
0.000967662
0.000905708
0.000808027
0.000758143
0.000786705
0.000818789
0.000779773
0.000669891
0.00056754
0.000559847
0.000607359
0.000608832
0.000531023
0.000429541
0.00041351
0.000480519
0.000517015
0.000466498
0.000357149
0.000302912
0.000372717
0.000448705
0.000447626
0.000373455
0.00030637
0.000340414
0.000417448
0.000444722
0.000405402
0.000354526
0.000375622
0.000452424
0.000503818
0.000494788
0.00044981
0.000431042
0.000466545
0.000511034
0.000519874
0.000497117
0.000486745
0.000519576
0.000568831
0.000590914
0.000574034
0.000544589
0.000539929
0.000563336
0.000583544
0.000579446
0.000562964
0.000563619
0.000589826
0.00061677
0.000618717
0.000595808
0.000572204
0.000569766
0.000582117
0.000586411
0.000573821
0.000558934
0.000561219
0.000578476
0.00058889
0.000577364
0.000550705
0.000530076
0.000527259
0.000531214
0.000524899
0.00050698
0.000492763
0.000494579
0.000504218
0.000502831
0.000482682
0.00045475
0.000437273
0.000434597
0.000432887
0.000419644
0.000398894
0.000386151
0.000388173
0.000392533
0.000383117
0.000357959
0.000331249
0.000318627
0.000317864
0.000312838
0.00029508
0.000273404
0.000263946
0.000268244
0.000269799
0.00025507
0.000227362
0.000204576
0.000200196
0.000203983
0.000197304
0.00017607
0.000154854
0.000152122
0.000162175
0.00016319
0.000144956
0.000116724
0.000103435
0.000114537
0.00012562
0.000118499
9.56946e-05
7.94485e-05
8.9938e-05
0.000107178
0.000108913
9.29895e-05
7.66164e-05
8.42668e-05
0.000105644
0.000117027
0.00011149
9.82831e-05
9.59785e-05
0.000108804
0.000120909
0.000121695
0.000114958
0.000114172
0.000125744
0.00013969
0.00014484
0.000140036
0.000133754
0.000135272
0.000143184
0.000148688
0.000147662
0.000144672
0.00014722
0.000155737
0.000163009
0.000163304
0.00015798
0.000153656
0.000154842
0.000158768
0.000159947
0.000157285
0.000155045
0.00015735
0.000162481
0.000164953
0.00016192
0.000155917
0.000152044
0.000152202
0.000153211
0.000151516
0.000147636
0.000145349
0.000146715
0.000149053
0.000148148
0.000142965
0.000136624
0.000133022
0.000132368
0.000131379
0.000127824
0.000123239
0.00012094
0.000121558
0.000121889
0.000118727
0.000112345
0.000106216
0.000103228
0.000102267
0.000100031
9.53553e-05
9.05917e-05
8.86913e-05
8.90853e-05
8.81691e-05
8.35941e-05
7.67585e-05
7.15016e-05
6.97764e-05
6.91225e-05
6.61829e-05
6.0836e-05
5.63879e-05
5.5591e-05
5.64979e-05
5.49774e-05
4.95371e-05
4.28206e-05
3.94773e-05
4.02399e-05
4.06143e-05
3.72924e-05
3.14614e-05
2.80784e-05
2.98256e-05
3.22303e-05
3.07477e-05
2.52039e-05
2.01916e-05
2.16232e-05
2.62252e-05
2.78793e-05
2.51324e-05
2.09815e-05
2.09357e-05
2.49615e-05
2.78557e-05
2.72537e-05
2.49057e-05
2.50508e-05
2.88454e-05
3.26926e-05
3.37676e-05
3.23152e-05
3.10255e-05
3.21862e-05
3.47471e-05
3.62346e-05
3.59587e-05
3.55289e-05
3.68391e-05
3.95263e-05
4.15199e-05
4.15932e-05
4.04328e-05
3.98309e-05
4.06499e-05
4.19087e-05
4.23048e-05
4.18428e-05
4.17309e-05
4.27964e-05
4.43367e-05
4.49948e-05
4.42855e-05
4.30322e-05
4.24434e-05
4.27541e-05
4.30907e-05
4.27342e-05
4.19963e-05
4.17888e-05
4.23881e-05
4.30131e-05
4.2726e-05
4.14788e-05
4.01062e-05
3.94249e-05
3.93142e-05
3.90145e-05
3.81532e-05
3.72085e-05
3.68615e-05
3.70634e-05
3.7019e-05
3.6108e-05
3.45433e-05
3.31564e-05
3.24567e-05
3.20879e-05
3.13748e-05
3.02172e-05
2.91857e-05
2.87936e-05
2.87518e-05
2.82731e-05
2.69809e-05
2.53104e-05
2.40649e-05
2.34932e-05
2.3033e-05
2.20887e-05
2.07848e-05
1.98127e-05
1.95372e-05
1.94299e-05
1.87083e-05
1.72164e-05
1.56147e-05
1.47265e-05
1.45041e-05
1.41145e-05
1.30431e-05
1.16887e-05
1.09557e-05
1.10592e-05
1.11079e-05
1.02981e-05
8.73317e-06
