594892
1.15499e+06
1.74613e+06
2.29142e+06
2.84373e+06
3.37648e+06
3.89363e+06
4.40991e+06
5.09884e+06
5.76921e+06
6.28571e+06
6.80941e+06
7.33661e+06
7.85718e+06
8.37727e+06
8.89523e+06
9.42247e+06
9.95468e+06
1.04742e+07
1.09976e+07
1.15252e+07
1.20513e+07
1.25802e+07
1.31097e+07
1.37603e+07
1.45323e+07
1.53054e+07
1.58578e+07
1.64035e+07
1.695e+07
1.74709e+07
1.80205e+07
1.85519e+07
1.90785e+07
1.9605e+07
2.01314e+07
2.06518e+07
2.11742e+07
2.16971e+07
2.22293e+07
2.27574e+07
2.32808e+07
2.38025e+07
2.43323e+07
2.48495e+07
2.53807e+07
2.59004e+07
2.64312e+07
2.69604e+07
2.74902e+07
2.82402e+07
2.87721e+07
2.93275e+07
2.98731e+07
3.04015e+07
3.099e+07
3.15249e+07
3.20522e+07
3.25855e+07
3.31045e+07
3.36299e+07
3.41469e+07
3.46734e+07
3.51959e+07
3.57147e+07
3.62312e+07
3.67669e+07
3.72905e+07
3.78146e+07
3.83373e+07
3.88716e+07
3.93912e+07
3.99152e+07
4.04492e+07
4.09792e+07
4.15003e+07
4.20277e+07
4.25492e+07
4.30842e+07
4.36046e+07
4.41224e+07
4.48284e+07
4.53552e+07
4.58738e+07
4.64945e+07
4.72492e+07
4.80328e+07
4.87836e+07
4.93349e+07
4.988e+07
5.04444e+07
5.12249e+07
5.19899e+07
5.25515e+07
5.33136e+07
5.39342e+07
5.4593e+07
5.5297e+07
5.59051e+07
5.65683e+07
5.74564e+07
5.80715e+07
5.8844e+07
5.95193e+07
6.01704e+07
6.08128e+07
6.13327e+07
6.20493e+07
6.2807e+07
6.35814e+07
6.43284e+07
6.50985e+07
6.58297e+07
6.66009e+07
6.73616e+07
6.81378e+07
6.87764e+07
6.95181e+07
7.02499e+07
7.10072e+07
7.15686e+07
7.23084e+07
7.3391e+07
7.42641e+07
7.49894e+07
7.57639e+07
7.64024e+07
7.70047e+07
7.75312e+07
7.82461e+07
7.90213e+07
7.95471e+07
8.00899e+07
8.07898e+07
8.15506e+07
8.23174e+07
8.28972e+07
8.34199e+07
8.40294e+07
8.47226e+07
8.54907e+07
8.61653e+07
8.67002e+07
8.74625e+07
8.8223e+07
8.898e+07
8.97377e+07
9.05261e+07
9.1297e+07
9.20823e+07
9.3071e+07
9.37252e+07
9.42685e+07
9.50306e+07
9.55742e+07
9.6122e+07
9.66446e+07
9.71828e+07
9.77022e+07
9.82589e+07
9.87833e+07
9.93218e+07
9.98512e+07
1.0038e+08
1.00919e+08
1.01581e+08
1.02104e+08
1.02775e+08
1.03539e+08
1.04081e+08
1.04613e+08
1.05385e+08
1.05998e+08
1.06552e+08
1.07226e+08
1.07834e+08
1.08598e+08
1.09365e+08
1.10134e+08
1.10785e+08
1.11372e+08
1.12092e+08
1.12881e+08
1.1368e+08
1.14472e+08
1.15017e+08
1.15557e+08
1.16224e+08
1.16991e+08
1.17753e+08
1.18528e+08
1.19279e+08
1.19885e+08
1.20632e+08
1.21278e+08
1.21937e+08
1.22615e+08
1.23334e+08
1.23867e+08
1.2446e+08
1.25169e+08
1.25747e+08
1.26439e+08
1.272e+08
1.27961e+08
1.28548e+08
1.29191e+08
1.29886e+08
1.30472e+08
1.31173e+08
1.31695e+08
1.32353e+08
1.33021e+08
1.33544e+08
1.34064e+08
1.34729e+08
1.35436e+08
1.35958e+08
1.36672e+08
1.37471e+08
1.38054e+08
1.39226e+08
1.40074e+08
1.40976e+08
1.41505e+08
1.42099e+08
1.4277e+08
1.43478e+08
1.44012e+08
1.44547e+08
1.45072e+08
1.45599e+08
1.46122e+08
1.46657e+08
1.47456e+08
1.48137e+08
1.48716e+08
1.49487e+08
1.50244e+08
1.50983e+08
1.5169e+08
1.5227e+08
1.52878e+08
1.5365e+08
1.54417e+08
1.55169e+08
1.55887e+08
1.56642e+08
1.57414e+08
1.58175e+08
1.58959e+08
1.59572e+08
1.60328e+08
1.61086e+08
1.61613e+08
1.62141e+08
1.62662e+08
1.6319e+08
1.63723e+08
1.64244e+08
1.64763e+08
1.65283e+08
1.65813e+08
1.66331e+08
1.66859e+08
1.67377e+08
1.67988e+08
1.68529e+08
1.69067e+08
1.69588e+08
1.70114e+08
1.7063e+08
1.71151e+08
1.71675e+08
1.72211e+08
1.72739e+08
1.73262e+08
1.73786e+08
1.7431e+08
1.74835e+08
1.75363e+08
1.75892e+08
1.76432e+08
1.76969e+08
1.77486e+08
1.78019e+08
1.78545e+08
1.79064e+08
1.79592e+08
1.80112e+08
1.80641e+08
1.8116e+08
1.81689e+08
1.82215e+08
1.82746e+08
1.83268e+08
1.83796e+08
1.84321e+08
1.84849e+08
1.85368e+08
1.86125e+08
1.86667e+08
1.87212e+08
1.87748e+08
1.88271e+08
1.88804e+08
1.89325e+08
1.8985e+08
1.90377e+08
1.90905e+08
1.91459e+08
1.92109e+08
1.92638e+08
1.93172e+08
1.93688e+08
1.94204e+08
1.94725e+08
1.95255e+08
1.95782e+08
1.96304e+08
1.96831e+08
1.97359e+08
1.9789e+08
1.98418e+08
1.98939e+08
1.99469e+08
1.9999e+08
2.00512e+08
2.01033e+08
2.01558e+08
2.02085e+08
2.02613e+08
2.03141e+08
2.03675e+08
2.04193e+08
2.0472e+08
2.0524e+08
2.05775e+08
2.06297e+08
2.06823e+08
2.07344e+08
2.0788e+08
2.08401e+08
2.08924e+08
2.09444e+08
2.10003e+08
2.10555e+08
2.11201e+08
2.1185e+08
2.12395e+08
2.13125e+08
2.13776e+08
2.14517e+08
2.15048e+08
2.15777e+08
2.16522e+08
2.17217e+08
2.17956e+08
2.18496e+08
2.19191e+08
2.1993e+08
2.20606e+08
2.21189e+08
2.21796e+08
2.2252e+08
2.23162e+08
2.23683e+08
2.24405e+08
2.25161e+08
2.25924e+08
2.26495e+08
2.27254e+08
2.27981e+08
2.28675e+08
2.29197e+08
2.29787e+08
2.30469e+08
2.31003e+08
2.31523e+08
2.32189e+08
2.32887e+08
2.33407e+08
2.33929e+08
2.34449e+08
2.34973e+08
2.35499e+08
2.36023e+08
2.36542e+08
2.3708e+08
2.37597e+08
2.38124e+08
2.38647e+08
2.39173e+08
2.39691e+08
2.40216e+08
2.40737e+08
2.41265e+08
2.41789e+08
2.4231e+08
2.42831e+08
2.43569e+08
2.4411e+08
2.44645e+08
2.4517e+08
2.45694e+08
2.46213e+08
2.46737e+08
2.47262e+08
2.47792e+08
2.48322e+08
2.48841e+08
2.4936e+08
2.49895e+08
2.50421e+08
2.50945e+08
2.51464e+08
2.52001e+08
2.52524e+08
2.53048e+08
2.53568e+08
2.54095e+08
2.54613e+08
2.5513e+08
2.55852e+08
2.56729e+08
2.57306e+08
2.57853e+08
2.58534e+08
2.59147e+08
2.59795e+08
2.60358e+08
2.60963e+08
2.61532e+08
2.6219e+08
2.62965e+08
2.63576e+08
2.64103e+08
2.64627e+08
2.65144e+08
2.65925e+08
2.66716e+08
2.67388e+08
2.68064e+08
2.68709e+08
2.6934e+08
2.69871e+08
2.70578e+08
2.71202e+08
2.7183e+08
2.72619e+08
2.73494e+08
2.74266e+08
2.74894e+08
2.75635e+08
2.76399e+08
2.77127e+08
2.77648e+08
2.78172e+08
2.78691e+08
2.79386e+08
2.7997e+08
2.80692e+08
2.81388e+08
2.82027e+08
2.82543e+08
2.83157e+08
2.83895e+08
2.84575e+08
2.85163e+08
2.85896e+08
2.86665e+08
2.87204e+08
2.87867e+08
2.88438e+08
2.89525e+08
2.90188e+08
2.90708e+08
2.91409e+08
2.91951e+08
2.92709e+08
2.93273e+08
2.93797e+08
2.94315e+08
2.94839e+08
2.95522e+08
2.9604e+08
2.96565e+08
2.97089e+08
2.97635e+08
2.98157e+08
2.98678e+08
2.99195e+08
2.99728e+08
3.00248e+08
3.00772e+08
3.01291e+08
3.0183e+08
3.02352e+08
3.02871e+08
3.03394e+08
3.04182e+08
3.04745e+08
3.05286e+08
3.05822e+08
3.06368e+08
3.06895e+08
3.07414e+08
3.07946e+08
3.08477e+08
3.08998e+08
3.09518e+08
3.10048e+08
3.10577e+08
3.11103e+08
3.11626e+08
3.12159e+08
3.1269e+08
3.13217e+08
3.13734e+08
3.14263e+08
3.14783e+08
3.15303e+08
3.15823e+08
3.16354e+08
3.16881e+08
3.17403e+08
3.17928e+08
3.18461e+08
3.18999e+08
3.19544e+08
3.20066e+08
3.20594e+08
3.21118e+08
3.21637e+08
3.22167e+08
3.22692e+08
3.23217e+08
3.2374e+08
3.24261e+08
3.24784e+08
3.25304e+08
3.25832e+08
3.26353e+08
3.26889e+08
3.27407e+08
3.2793e+08
3.28451e+08
3.28978e+08
3.29497e+08
3.30016e+08
3.30746e+08
3.31293e+08
3.3184e+08
3.32374e+08
3.32892e+08
3.33603e+08
3.34263e+08
3.34876e+08
3.35413e+08
3.35936e+08
3.36459e+08
3.36985e+08
3.37513e+08
3.38039e+08
3.38561e+08
3.39083e+08
3.39622e+08
3.40147e+08
3.40681e+08
3.41199e+08
3.41728e+08
3.42251e+08
3.42775e+08
3.43303e+08
3.43836e+08
3.4436e+08
3.44883e+08
3.45403e+08
3.46018e+08
3.46537e+08
3.47061e+08
3.47577e+08
3.48108e+08
3.48634e+08
3.49154e+08
3.49672e+08
3.502e+08
3.50719e+08
3.51236e+08
3.51765e+08
3.52299e+08
3.52822e+08
3.53348e+08
3.5387e+08
3.544e+08
3.54924e+08
3.55443e+08
3.55973e+08
3.56501e+08
3.57028e+08
3.58003e+08
3.58558e+08
3.59098e+08
3.59742e+08
3.60339e+08
3.6086e+08
3.61378e+08
3.62126e+08
3.62807e+08
3.63555e+08
3.64192e+08
3.64825e+08
3.65374e+08
3.66156e+08
3.6691e+08
3.67678e+08
3.6845e+08
3.6912e+08
3.69641e+08
3.70162e+08
3.70927e+08
3.71505e+08
3.72201e+08
3.72921e+08
3.73582e+08
3.741e+08
3.7484e+08
3.7566e+08
3.76369e+08
3.77142e+08
3.77914e+08
3.78822e+08
3.79797e+08
3.806e+08
3.81229e+08
3.81775e+08
3.82301e+08
3.82824e+08
3.83358e+08
3.83878e+08
3.84575e+08
3.85339e+08
3.86084e+08
3.86842e+08
3.87386e+08
3.88045e+08
3.88575e+08
3.89097e+08
3.89624e+08
3.90147e+08
3.90877e+08
3.91411e+08
3.9197e+08
3.92496e+08
3.93032e+08
3.93648e+08
3.94181e+08
3.94697e+08
3.95212e+08
3.9573e+08
3.96261e+08
3.96788e+08
3.97312e+08
3.97834e+08
3.98363e+08
3.98883e+08
3.994e+08
3.99922e+08
4.00502e+08
4.01038e+08
4.01557e+08
4.02088e+08
4.02615e+08
4.03156e+08
4.03677e+08
4.04205e+08
4.0473e+08
4.05252e+08
4.05767e+08
4.06293e+08
4.06818e+08
4.07332e+08
4.07857e+08
4.08376e+08
4.08908e+08
4.09427e+08
4.1016e+08
4.10914e+08
4.11587e+08
4.12343e+08
4.12995e+08
4.13589e+08
4.14202e+08
4.14877e+08
4.15403e+08
4.16075e+08
4.16752e+08
4.1729e+08
4.17811e+08
4.18335e+08
4.19113e+08
4.19648e+08
4.20192e+08
4.20722e+08
4.21249e+08
4.21777e+08
4.22297e+08
4.22816e+08
4.23346e+08
4.23871e+08
4.24392e+08
4.24917e+08
4.25452e+08
4.25969e+08
4.26489e+08
4.27015e+08
4.27547e+08
4.2807e+08
4.28593e+08
4.29119e+08
4.29646e+08
4.30166e+08
4.30683e+08
4.31211e+08
4.31744e+08
4.32264e+08
4.33021e+08
4.33882e+08
4.34405e+08
4.35024e+08
4.35638e+08
4.36292e+08
4.36822e+08
4.37345e+08
4.37901e+08
4.38444e+08
4.38967e+08
4.39632e+08
4.40337e+08
4.41053e+08
4.41759e+08
4.42353e+08
4.43101e+08
4.43712e+08
4.4439e+08
4.45104e+08
4.45861e+08
4.46567e+08
4.47315e+08
4.47953e+08
4.48838e+08
4.49377e+08
4.49917e+08
4.50469e+08
4.51008e+08
4.51529e+08
4.52057e+08
4.52643e+08
4.53222e+08
4.53746e+08
4.54276e+08
4.54796e+08
4.55499e+08
4.56059e+08
4.56587e+08
4.57116e+08
4.57631e+08
4.58156e+08
4.58691e+08
4.5921e+08
4.59729e+08
4.60256e+08
4.60795e+08
4.61324e+08
4.6186e+08
4.62381e+08
4.62933e+08
4.63471e+08
4.63995e+08
4.64515e+08
4.65049e+08
4.65572e+08
4.66172e+08
4.66704e+08
4.67237e+08
4.67757e+08
4.68281e+08
4.68804e+08
4.69337e+08
4.69858e+08
4.70377e+08
4.70896e+08
4.71423e+08
4.71953e+08
4.72474e+08
4.73004e+08
4.73532e+08
4.74056e+08
4.74576e+08
4.75096e+08
4.75824e+08
4.76357e+08
4.76903e+08
4.77445e+08
4.77972e+08
4.78492e+08
4.79017e+08
4.79547e+08
4.80068e+08
4.80584e+08
4.81109e+08
4.81637e+08
4.82163e+08
4.82683e+08
4.83206e+08
4.83735e+08
4.84255e+08
4.84775e+08
4.85297e+08
4.85828e+08
4.86348e+08
4.86875e+08
4.87396e+08
4.87924e+08
4.88442e+08
4.88963e+08
4.89484e+08
4.90017e+08
4.90537e+08
4.91067e+08
4.91587e+08
4.92129e+08
4.92655e+08
4.93181e+08
4.93702e+08
4.94235e+08
4.94755e+08
4.95279e+08
4.95798e+08
4.96328e+08
4.96851e+08
4.97376e+08
4.97905e+08
4.98438e+08
4.98965e+08
4.99489e+08
5.00013e+08
5.00595e+08
5.01123e+08
5.01643e+08
5.02401e+08
5.03049e+08
5.0359e+08
5.04122e+08
5.04855e+08
5.05439e+08
5.06124e+08
5.06865e+08
5.07398e+08
5.07981e+08
5.08753e+08
5.09502e+08
5.10265e+08
5.1104e+08
5.11595e+08
5.12194e+08
5.12991e+08
5.13632e+08
5.14252e+08
5.14771e+08
5.15299e+08
5.15819e+08
5.16341e+08
5.16876e+08
5.17408e+08
5.17929e+08
5.18448e+08
5.1897e+08
5.19496e+08
5.20028e+08
5.20584e+08
5.21116e+08
5.21647e+08
5.22175e+08
5.22694e+08
5.2322e+08
5.23755e+08
5.24278e+08
5.24797e+08
5.2532e+08
5.25858e+08
5.2638e+08
5.26903e+08
5.27427e+08
5.27965e+08
5.28483e+08
5.29002e+08
5.29532e+08
5.30058e+08
5.30578e+08
5.31415e+08
5.32115e+08
5.32809e+08
5.33424e+08
5.34184e+08
5.3482e+08
5.35337e+08
5.35888e+08
5.36639e+08
5.37187e+08
5.37711e+08
5.38274e+08
5.38791e+08
5.39311e+08
5.3984e+08
5.40366e+08
5.4088e+08
5.41407e+08
5.41931e+08
5.42585e+08
5.43313e+08
5.43933e+08
5.44463e+08
5.44984e+08
5.45505e+08
5.46022e+08
5.46585e+08
5.47108e+08
5.47626e+08
5.48149e+08
5.48678e+08
5.49197e+08
5.49717e+08
5.50237e+08
5.50767e+08
5.51291e+08
5.51816e+08
5.52337e+08
5.53153e+08
5.5395e+08
5.54473e+08
5.55192e+08
5.55708e+08
5.56355e+08
5.56945e+08
5.5747e+08
5.57994e+08
5.58512e+08
5.59038e+08
5.59556e+08
5.6021e+08
5.60806e+08
5.61376e+08
5.61918e+08
5.62442e+08
5.62969e+08
5.63545e+08
5.64143e+08
5.64662e+08
5.65187e+08
5.65711e+08
5.66239e+08
5.66768e+08
5.67298e+08
5.67818e+08
5.68344e+08
5.68861e+08
5.69403e+08
5.69923e+08
5.70443e+08
5.7096e+08
5.71487e+08
5.72011e+08
5.72532e+08
5.73236e+08
5.73766e+08
5.74284e+08
5.74804e+08
5.75323e+08
5.75853e+08
5.76373e+08
5.769e+08
5.77422e+08
5.77955e+08
5.78479e+08
5.79003e+08
5.79524e+08
5.80056e+08
5.80578e+08
5.81103e+08
5.81627e+08
5.82165e+08
5.82709e+08
5.83256e+08
5.83777e+08
5.84309e+08
5.84827e+08
5.85351e+08
5.85873e+08
5.86405e+08
5.87278e+08
5.8797e+08
5.88677e+08
5.89433e+08
5.90218e+08
5.91146e+08
5.92128e+08
5.92916e+08
5.93792e+08
5.94514e+08
5.95196e+08
5.95947e+08
5.96722e+08
5.97443e+08
5.98012e+08
5.98759e+08
5.99454e+08
6.00081e+08
6.00598e+08
6.01293e+08
6.02057e+08
6.02809e+08
6.03458e+08
6.04159e+08
6.04796e+08
6.05558e+08
6.06086e+08
6.06601e+08
6.07246e+08
6.07792e+08
6.08309e+08
6.08826e+08
6.09355e+08
6.09878e+08
6.10399e+08
6.10917e+08
6.11447e+08
6.11972e+08
6.12497e+08
6.13018e+08
6.13544e+08
6.14069e+08
6.14587e+08
6.15103e+08
6.15629e+08
6.16145e+08
6.1666e+08
6.17181e+08
6.17714e+08
6.18235e+08
6.18894e+08
6.19472e+08
6.20055e+08
6.20595e+08
6.21131e+08
6.21695e+08
6.22457e+08
6.23089e+08
6.23606e+08
6.2416e+08
6.24745e+08
6.25282e+08
6.25946e+08
6.26706e+08
6.27378e+08
6.27975e+08
6.28629e+08
6.29336e+08
6.30073e+08
6.3059e+08
6.31109e+08
6.31628e+08
6.32161e+08
6.32678e+08
6.33204e+08
6.33729e+08
6.3426e+08
6.34779e+08
6.35487e+08
6.36033e+08
6.36563e+08
6.37087e+08
6.37604e+08
6.38126e+08
6.38654e+08
6.39173e+08
6.3969e+08
6.40242e+08
6.40806e+08
6.4133e+08
6.41859e+08
6.42375e+08
6.42907e+08
6.43435e+08
6.43954e+08
6.44473e+08
6.45001e+08
6.45518e+08
6.46038e+08
6.46554e+08
6.47388e+08
6.48174e+08
6.48934e+08
6.49694e+08
6.50426e+08
6.51074e+08
6.51853e+08
6.52635e+08
6.53302e+08
6.53818e+08
6.54339e+08
6.54921e+08
6.55684e+08
6.56442e+08
6.5706e+08
6.57649e+08
6.58423e+08
6.59214e+08
6.59999e+08
6.60758e+08
6.61525e+08
6.62163e+08
6.62684e+08
6.63206e+08
6.63731e+08
6.64275e+08
6.64863e+08
6.6538e+08
6.65904e+08
6.66421e+08
6.66948e+08
6.67464e+08
6.67996e+08
6.68519e+08
6.69035e+08
6.69555e+08
6.70092e+08
6.70608e+08
6.71124e+08
6.71649e+08
6.72185e+08
6.72901e+08
6.73821e+08
6.74352e+08
6.74963e+08
6.75579e+08
6.76109e+08
6.76626e+08
6.7715e+08
6.77683e+08
6.78454e+08
6.78985e+08
6.79524e+08
6.80052e+08
6.8058e+08
6.81097e+08
6.8164e+08
6.82175e+08
6.82705e+08
6.83228e+08
6.83755e+08
6.84275e+08
6.84802e+08
6.8532e+08
6.85836e+08
6.8636e+08
6.87013e+08
6.87581e+08
6.88104e+08
6.88628e+08
6.89148e+08
6.8967e+08
6.90189e+08
6.9072e+08
6.91235e+08
6.91756e+08
6.92276e+08
6.92802e+08
6.93322e+08
6.93841e+08
6.94366e+08
6.94894e+08
6.95411e+08
6.95928e+08
6.96446e+08
6.97068e+08
6.97616e+08
6.9814e+08
6.9866e+08
6.99198e+08
6.99724e+08
7.00249e+08
7.0077e+08
7.01305e+08
7.0183e+08
7.02353e+08
7.02891e+08
7.03445e+08
7.03963e+08
7.04482e+08
7.05226e+08
7.05767e+08
7.06312e+08
7.06852e+08
7.07379e+08
7.07919e+08
7.08437e+08
7.08953e+08
7.09483e+08
7.10001e+08
7.10519e+08
7.11036e+08
7.11564e+08
7.12089e+08
7.12604e+08
7.13125e+08
7.13648e+08
7.14168e+08
7.14688e+08
7.15205e+08
7.15731e+08
7.16253e+08
7.16783e+08
7.17315e+08
7.17848e+08
7.18379e+08
7.18899e+08
7.19422e+08
7.19949e+08
7.20471e+08
7.20993e+08
7.21514e+08
7.22049e+08
7.22568e+08
7.23089e+08
7.23613e+08
7.24142e+08
7.24666e+08
7.25184e+08
7.25704e+08
7.26235e+08
7.26758e+08
7.2728e+08
7.27801e+08
7.28333e+08
7.28856e+08
7.29381e+08
7.29903e+08
7.30438e+08
7.30958e+08
7.317e+08
7.32238e+08
7.32815e+08
7.33347e+08
7.33866e+08
7.3439e+08
7.34919e+08
7.35439e+08
7.35951e+08
7.36468e+08
7.36997e+08
7.37514e+08
7.38034e+08
7.38677e+08
7.39266e+08
7.39788e+08
7.4044e+08
7.41312e+08
7.41935e+08
7.42511e+08
7.43206e+08
7.43768e+08
7.44293e+08
7.4482e+08
7.45346e+08
7.45871e+08
7.46412e+08
7.47018e+08
7.47618e+08
7.48145e+08
7.48672e+08
7.49436e+08
7.50203e+08
7.50923e+08
7.51485e+08
7.52008e+08
7.52725e+08
7.53496e+08
7.54238e+08
7.54926e+08
7.55478e+08
7.56248e+08
7.56914e+08
7.57589e+08
7.58257e+08
7.58843e+08
7.59621e+08
7.60147e+08
7.60708e+08
7.61231e+08
7.62045e+08
7.62637e+08
7.63409e+08
7.64198e+08
7.648e+08
7.65317e+08
7.66004e+08
7.66592e+08
7.67113e+08
7.67693e+08
7.68224e+08
7.68742e+08
7.69257e+08
7.69778e+08
7.70304e+08
7.70843e+08
7.71379e+08
7.71903e+08
7.72432e+08
7.72956e+08
7.73477e+08
7.73995e+08
7.74528e+08
7.75047e+08
7.75563e+08
7.76081e+08
7.76613e+08
7.77135e+08
7.77662e+08
7.78181e+08
7.78709e+08
7.79225e+08
7.79745e+08
7.80281e+08
7.80805e+08
7.81321e+08
7.81852e+08
7.82385e+08
7.82915e+08
7.83434e+08
7.83952e+08
7.84468e+08
7.84993e+08
7.85512e+08
7.86028e+08
7.86553e+08
7.8709e+08
7.87611e+08
7.88136e+08
7.88664e+08
7.89636e+08
7.90431e+08
7.91221e+08
7.9188e+08
7.92402e+08
7.92933e+08
7.93455e+08
7.93971e+08
7.9449e+08
7.95073e+08
7.95805e+08
7.96322e+08
7.96848e+08
7.97383e+08
7.97908e+08
7.98426e+08
7.99108e+08
7.99646e+08
8.00192e+08
8.00709e+08
8.01233e+08
8.01763e+08
8.02354e+08
8.0312e+08
8.03645e+08
8.04164e+08
8.04697e+08
8.05217e+08
8.05783e+08
8.06343e+08
8.06877e+08
8.07397e+08
8.07925e+08
8.08445e+08
8.08962e+08
8.09478e+08
8.10013e+08
8.1053e+08
8.11049e+08
8.11567e+08
8.12096e+08
8.12616e+08
8.13134e+08
8.13649e+08
8.14179e+08
8.14701e+08
8.15397e+08
8.16124e+08
8.16814e+08
8.17332e+08
8.18074e+08
8.18831e+08
8.19368e+08
8.19892e+08
8.2042e+08
8.20938e+08
8.21463e+08
8.21987e+08
8.22517e+08
8.23043e+08
8.23559e+08
8.24119e+08
8.24649e+08
8.25168e+08
8.25684e+08
8.262e+08
8.26737e+08
8.27255e+08
8.27781e+08
8.28298e+08
8.28826e+08
8.29346e+08
8.29868e+08
8.30385e+08
8.30917e+08
8.31435e+08
8.31958e+08
8.32474e+08
8.33003e+08
8.33521e+08
8.34037e+08
8.34595e+08
8.35128e+08
8.35646e+08
8.36162e+08
8.36689e+08
8.37216e+08
8.37732e+08
8.38398e+08
8.39044e+08
8.39569e+08
8.4009e+08
8.40608e+08
8.41134e+08
8.41654e+08
8.42172e+08
8.42692e+08
8.43226e+08
8.43745e+08
8.44323e+08
8.45026e+08
8.45608e+08
8.46144e+08
8.46675e+08
8.472e+08
8.47955e+08
8.48474e+08
8.48993e+08
8.49521e+08
8.50048e+08
8.50567e+08
8.51211e+08
8.51751e+08
8.5227e+08
8.52797e+08
8.53319e+08
8.5385e+08
8.54366e+08
8.5489e+08
8.5541e+08
8.55936e+08
8.56462e+08
8.56986e+08
8.57504e+08
8.58065e+08
8.58583e+08
8.59103e+08
8.59625e+08
8.60155e+08
8.60671e+08
8.61189e+08
8.61711e+08
8.62241e+08
8.6276e+08
8.63281e+08
8.63799e+08
8.64326e+08
8.64846e+08
8.65363e+08
8.65878e+08
8.66411e+08
8.66948e+08
8.67484e+08
8.68014e+08
8.68543e+08
8.69094e+08
8.69614e+08
8.70137e+08
8.70668e+08
8.71189e+08
8.71943e+08
8.72486e+08
8.73023e+08
8.73568e+08
8.7409e+08
8.74615e+08
8.75145e+08
