108.475
87.253
103.539
86.507
93.629
86.942
80.54
79.008
98.034
99.438
79.435
81.128
82.689
81.698
80.013
79.952
83.212
82.103
80.497
81.82
82.889
81.531
81.713
81.458
92.808
111.313
104.964
90.214
91.19
95.254
81.234
92.774
83.61
78.917
81.834
81.465
80.412
81.754
79.903
84.458
81.304
80.217
80.52
83.391
79.337
83.516
79.311
84.257
83.256
83.91
121.937
82.569
95.167
88.272
83.349
87.772
82.445
81.496
84.041
79.583
81.512
80.421
85.559
79.238
79.108
80.441
81.411
80.954
81.486
83.085
86.759
79.153
81.636
84.309
83.703
80.78
82.676
80.023
86.079
79.044
79.601
100.982
84.289
81.893
92.239
117.151
118.753
105.929
86.835
90.589
84.84
122.489
107.807
87.77
108.989
90.284
95.098
108.953
89.85
95.458
131.949
89.902
106.295
108.173
92.611
96.547
81.293
110.898
102.1
112.619
103.031
102.546
102.045
104.78
110.838
112.143
96.065
102.391
103.132
103.926
83.808
107.286
217.735
162.963
118.663
126.446
92.95
91.499
80.447
102.808
121.667
80.722
91.988
103.068
103.445
108.006
88.194
80.814
89.492
100.631
106.588
100.353
86.635
106.96
105.84
104.648
104
104.688
116.891
109.457
141.765
94.853
81.868
103.776
81.886
82.612
80.329
86.481
79.412
83.591
81.065
88.939
82.158
80.981
85.749
106.168
80.389
103.069
129.023
81.53
79.97
106.813
90.505
81.893
100.83
96.938
104.185
114.74
106.275
93.622
90.913
115.149
106.368
111.134
105.48
82.964
86.053
95.653
105.648
105.007
105.653
106.262
88.805
101.882
91.964
100.649
94.36
109.961
81.057
89.981
107.069
100.05
99.815
108.691
105.958
90.488
93.037
111.466
92.182
100.382
80.967
99.037
102.813
81.218
79.352
105
103.902
80.085
106.414
114.287
89.664
247.853
153.499
169.432
83.255
94.987
108.369
99.761
81.904
82.044
84.864
83.281
80.517
83.132
127.07
100.31
91.298
110.576
104.225
106.205
103.856
85.301
92.754
110.653
105.512
106.248
99.655
105.769
109.866
104.733
103.113
105.633
108.656
115.498
82.962
79.641
80.948
81.079
88.798
79.282
81.636
80.343
85.732
78.816
82.832
81.186
121.936
92.276
86.559
80.216
82.083
78.687
80.922
81.731
85.65
80.725
82.728
81.834
80.446
82.297
82.228
84.986
84.232
84.612
78.86
84.34
82.667
79.88
83.402
80.802
87.169
81.189
84.247
83.331
84.927
80.996
81.182
81.853
85.476
79.211
126.523
88.747
82.799
84.385
80.543
83.968
81.248
78.921
85.847
83.042
85.487
95.042
82.009
83.954
78.787
79.681
80.464
85.737
82.897
80.132
82.384
83.123
83.452
84.481
82.226
82.923
81.086
81.015
79.724
82.761
81.498
84.684
83.005
86.92
78.684
82.009
80.653
89.586
81.214
79.791
79.283
85.219
81.655
81.06
80.538
92.234
83.815
96.198
105.5
85.527
111.506
102.949
111.157
81.541
102.717
108.894
104.186
102.631
84.64
97.968
105.518
100.994
86.566
93.945
106.522
102.493
80.227
106.986
105.533
104.4
88.193
114.255
103.907
100.832
80.898
85.796
118.184
85.854
78.933
98.833
100.757
79.816
80.039
79.442
83.249
82.619
84.145
80.723
81.026
79.229
82.265
83.494
80.206
79.837
83.976
79.997
85.69
81.494
82.274
81.162
117.534
85.57
82.206
80.497
79.009
79.384
81.344
80.645
85.862
81.743
79.616
80.284
87.373
81.314
81.704
79.182
86.383
80.294
81.248
81.574
82.573
77.914
79.186
132.388
223.209
106.8
94.307
135.69
90.339
106.784
97.773
89.531
85.467
105.955
106.182
91.108
83.931
80.939
79.299
114.406
133.914
100.696
96.949
99.02
90.185
79.944
110.469
92.496
98.987
115.12
127.714
105.968
96.769
104.681
104.348
103.045
80.11
79.825
78.803
97.054
90.099
105.339
102.515
101.313
79.811
95.942
101.784
96.529
89.942
108.439
106.266
85.531
103.041
95.506
256.401
143.026
80.513
144.887
84.996
103.729
88.814
81.73
80.409
80.914
107.112
79.831
81.206
81.062
86.119
81.549
80.12
79.806
82.942
80.678
79.494
79.67
86.598
80.242
81.628
82.41
137.753
87.692
83.108
85.521
93.946
81.448
80.243
86.306
87.239
79.052
80.993
83.215
83.839
82.711
82.065
81.949
83.487
83.326
79.74
85.246
80.499
79.206
78.93
81.3
82.15
80.287
79.935
82.595
84.975
91.693
80.583
81.924
79.363
79.806
81.557
82.611
81.093
81.255
80.695
80.473
80.201
81.439
80.075
81.411
79.29
78.8
81.929
83.332
79.056
80.464
116.738
88.56
84.065
83.783
78.8
104.148
97.115
92.134
88.551
81.002
80.466
82.602
81.511
79.971
83.525
79.773
90.799
81.359
85.303
77.814
79.463
80.248
81.68
81.376
88.015
81.535
80.996
80.214
97.019
78.818
79.599
78.405
85.577
80.249
79.424
78.256
82.693
78.885
78.178
84.21
86.893
78.65
83.025
81.81
84.446
82.687
82.01
83.097
83.397
81.311
154.638
88.336
83.869
92.807
95.089
80.617
78.247
108.885
104.31
104.399
93.089
96.021
83.52
104.635
112.402
105.186
108.386
98.322
80.481
79.606
111.159
92.549
101.55
104.864
96.12
78.935
102.68
138.834
111.464
121.195
112.709
166.74
202.912
124.874
98.144
88.141
81.009
81.634
82.765
81.184
100.64
114.213
112.037
105.661
82.797
125.683
83.427
82.386
82.374
80.517
116.719
84.158
95.368
83.015
85.562
94.104
84.251
79.184
79.517
80.147
86.988
82.766
79.216
79.468
87.553
79.173
79.291
81.382
99.37
83.547
80.729
84.11
84.894
81.84
79.818
83.945
82.363
81.482
78.86
81.75
80.943
78.865
81.512
79.126
84.5
81.066
101.019
110.021
94.869
106.004
98.993
86.101
88.875
102.091
82.701
97.347
96.666
85.035
79.781
80.334
129.21
81.563
86.11
85.214
80.447
80.269
80.815
78.541
84.802
79.96
79.306
82.298
82.294
78.654
79.62
82.941
83.237
80.759
80.962
84.148
82.375
79.743
77.616
82.255
83.704
80.414
165.186
213.017
80.507
111.586
124.062
95.397
82.633
78.698
87.906
88.298
79.587
97.814
120.714
106.295
101.528
89.572
128.57
91.222
105.063
103.671
108.063
100.408
107.274
95.666
119.572
84.245
82.33
87.139
89.481
81.575
84.198
102.503
85.828
79.29
83.297
81.571
98.204
85.299
80.753
85.388
78.392
80.287
83.031
78.331
80.165
80.449
85.549
82.476
80.938
79.194
94.609
92.432
79.724
78.006
86.883
81.478
89.332
81.768
84.682
80.393
79.922
80.308
83.522
80.86
79.741
80.738
81.944
80.705
81.457
84.504
81.31
79.517
79.389
79.967
107.496
81.455
87.731
86.283
81.03
81.005
81.694
85.904
81.265
78.15
80.85
82.796
82.647
78.466
81.897
83.932
79.159
80.054
81.599
82.899
77.828
81.189
81.759
83.257
78.505
80.578
79.718
84.896
79.183
82.367
81.021
86.614
80.269
79.619
80.999
83.299
78.906
78.671
79.353
85.214
80.883
80.1
83.019
86.783
82.529
80.8
79.758
110.444
83.184
79.03
119.161
104.688
86.111
83.183
111.174
87.188
98.899
108.654
80.462
87.206
108.551
103.406
104.212
110.174
82.646
92.666
120.142
92.896
93.863
78.524
82.586
78.919
81.141
88.056
84.218
80.555
79.857
80.897
80.613
83.21
95.149
82.827
84.815
81.538
78.956
79.855
83.936
80.143
79.154
80.248
90.663
79.446
79.441
83.402
87.733
79.494
79.367
83.01
80.142
78.092
133.065
102.792
100.482
89.349
109.937
91.926
79.984
83.383
102.202
85.142
82.061
89.033
80.465
80.997
81.476
81.907
78.603
84.865
82.245
102.701
108.521
89.944
84.45
81.454
80.512
78.766
85.792
81.335
79.019
80.839
84.76
80.25
80.69
79.315
83.582
83.457
81.666
80.777
189.747
193.373
81.934
162.594
79.525
100.65
90.257
81.318
81.383
79.553
83.18
79.131
86.252
112.064
98.944
85.673
81.718
87.019
104.962
115.952
79.894
80.834
80.931
86.246
85.562
83.868
80.607
82.21
78.837
88.942
78.346
80.115
79.913
81.228
80.592
82.646
102.472
85.377
80.23
82.227
79.658
81.3
81.159
80.481
81.934
83.294
82.756
81.841
80.888
86.813
82.275
84.431
82.351
87.558
94.571
93.524
79.86
81.961
78.816
82.667
83.108
87.156
140.976
102.672
109.036
103.531
104.564
172.348
203.282
121.714
154.342
101.144
95.986
103.622
110.637
100.493
87.701
104.153
97.101
90.879
79.576
102.133
105.664
105.263
97.595
98.609
91.985
107.503
84.185
78.943
102.642
82.186
79.062
79.119
85.504
80.802
81.463
80.38
84.501
80.575
82.726
80.227
82.299
80.805
80.4
79.574
84.159
79.682
78.723
80.802
84.302
80.364
85.158
103.212
98.679
84.612
87.932
91.387
122.306
91.175
78.474
95.577
89.038
82.552
99.84
112.46
96.277
95.526
92.901
98.536
102.885
78.95
78.068
79.001
83.94
78.512
79.643
82.469
83.325
80.251
100.972
86.019
82.022
82.358
78.805
80.57
83.956
79.596
78.386
83.734
99.845
82.419
82.067
78.577
87.657
79.644
78.808
79.133
81.377
78.331
79.178
78.752
114.334
112.203
108.104
106.29
101.048
95.239
106.632
103.943
97.304
80.354
79.582
87.655
107.319
105.563
90.781
89.99
109.071
111.855
109.241
106.71
107.211
99.709
79.83
80.446
82.63
84.176
87.012
79.063
83.823
80.556
82.793
80.218
80.77
82.127
79.172
81.33
90.006
80.236
79.064
81.439
81.858
145.373
242.252
84.366
114.499
113.549
85.548
80.876
80.751
80.186
124.253
82.212
84.498
80.997
81.301
78.912
84.589
86.749
85.705
80.168
84.086
81.24
85.472
80.18
78.882
81.625
98.83
84.465
83.539
82.584
79.755
81.46
80.841
82.803
78.338
80.082
79.92
80.696
79.394
81.175
81.388
83.529
80.064
78.818
80.13
94.958
87.501
82.259
79.598
86.923
80.87
81.603
79.022
87.368
79.279
82.443
90.229
85.391
78.503
80.416
120.964
88.291
86.505
86.5
85.354
93.363
79.266
79.269
82.686
78.697
79.71
79.067
83.512
81.057
78.639
79.769
83.789
79.018
79.014
79.117
81.309
80.872
79.662
83.631
85.915
80.649
79.095
79.851
79.888
82.463
80.129
80.412
87.468
79.623
80.072
79.93
83.754
81.16
79.583
79.941
81.972
78.596
80.635
78.926
83.517
80.068
80.531
80.407
80.329
79.01
119.372
82.825
95.831
83.109
79.937
82.737
82.72
80.174
77.72
78.96
81.076
77.948
80.211
94.109
89.378
80.186
128.063
227.966
114.363
103.913
143.407
97.63
80.613
80.279
82.478
82.105
88.478
97.484
95.926
84.225
80.247
105.12
109.286
103.992
87.9
81.276
103.967
115.094
105.422
97.623
86.225
105.393
107.742
102.118
94.864
86.416
109.239
82.351
96.787
82.149
122.505
89.783
108.027
116.437
88.257
79.756
109.951
89.165
80.201
85.228
82.121
78.957
78.898
78.926
83.509
89.551
87.037
80.77
84.82
79.619
82.938
78.957
86.048
78.744
78.818
78.911
85.586
81.097
83.149
80.172
85.693
78.597
79.138
86.026
83.974
78.673
81.097
82.592
85.153
80.365
78.333
79.054
80.741
78.992
79.925
81.36
83.715
80.392
80.692
81.529
145.549
108.623
119.673
94.952
81.151
84.016
80.829
78.804
80.519
91.177
102.223
79.134
82.586
86.394
82.947
80.822
100.117
83.003
93.183
79.56
81.741
81.386
87.633
105.935
85.562
78.511
87.715
79.33
86.506
84.039
83.213
80.26
86.551
81.862
79.343
79.627
86.993
79.243
80.408
79.964
86.129
80.976
80.247
78.941
83.561
82.001
97.583
102.065
98.968
79.058
120.404
110.23
81.991
81.644
84.824
79.591
82.411
80.387
84.447
82.587
79.787
84.743
83.59
79.838
79.748
79.337
86.262
79.183
83.753
78.741
83.043
80.828
80.282
79.146
86.63
80.051
80.818
79.641
82.534
79.461
78.526
83.535
84.633
80.486
78.35
81.448
81.975
79.558
96.313
101.183
80.809
81.549
80.562
82.568
79.319
80.129
82.139
82.969
81.399
86.535
95.056
105.342
83.575
82.798
80.48
128.694
80.248
79.173
86.461
82.79
80.921
91.708
90.767
80.5
82.78
80.327
85.238
78.245
79.066
82.519
83.053
81.371
80.383
79.204
103.742
79.166
80.491
79.098
85.33
79.254
79.819
80.321
85.947
79.263
81.009
80.652
83.227
80.034
80.92
78.653
87.125
87.548
85.675
82.06
82.161
83.845
78.997
79.969
81.034
81.777
120.996
84.436
81.822
84.263
81.233
82.608
87.361
