0.000518899 92022.2
0.000648914 84254.5
0.000591671 95793.6
0.000831675 97609.9
0.00103007 79768.3
0.00125278 97840.8
0.00140564 81009
0.00165261 81064.8
0.00189619 96341.2
0.00191929 81783.7
0.00220352 82255.8
0.00250294 82657.5
0.0024186 96444.2
0.00270239 96348.6
0.0028165 82670.7
0.00299823 96221.5
0.00314474 82472.3
0.00330684 96114.4
0.00348877 82218.1
0.00362879 96012.3
0.00384977 81729.5
0.00396462 95921.8
0.00422905 81190.1
0.00431481 95844.1
0.00462799 80715.7
0.00467981 95768.4
0.00504808 80134.3
0.00506002 95721.5
0.00549067 79589.3
0.00545589 95640.2
0.00586784 95569.6
0.00595679 78955.3
0.00629634 95499.2
0.00644725 78508
0.00674183 95423.9
0.00696281 77936.6
0.00720475 95359.2
0.00750423 77453.3
0.00768553 95292.6
0.00807226 76942.2
0.00818456 95219.2
0.0086677 76371.5
0.00870223 95143.3
0.00923894 95063.9
0.00929144 75678.8
0.00979503 94994
0.00994443 75063.8
0.0103709 94909.5
0.0106275 74434.8
0.0109667 94819.2
0.0113412 73939.6
0.0115828 94724
0.0120857 73642.3
0.0122194 94616.7
0.0128607 73480.7
0.012877 94519.7
0.0135557 94420.4
0.0136658 73283.8
0.0142556 94326.8
0.0145008 73035.9
0.0149767 94231.4
0.0153653 72767.1
0.0157192 94092.9
0.0162589 72457.7
0.0164832 93978.3
0.0171813 72080.2
0.0172687 93840.1
0.0180756 93721.3
0.0181318 71713.9
0.0189038 93610.4
0.0191096 71221.7
0.0197532 93457.6
0.0201137 70696.9
0.0206235 93337.6
0.0211427 69960.3
0.0215143 93174.1
0.0221948 69701.3
0.0224252 93032.5
0.0233558 92913.1
0.0232686 69371.1
0.0243051 92746.6
0.0243632 69124.9
0.0252712 92617.3
0.0254777 68569.4
0.0262526 92410
0.0266101 67789.4
0.0272495 92215.6
0.0277579 66915.6
0.0282621 92005.8
0.0289182 66097.9
0.0292898 91815.1
0.0303312 91651.5
0.0300888 65467.3
0.0313843 91420.2
0.0312671 64398.9
0.0324469 91238.6
0.0324476 63034.5
0.0335172 91007
0.0336254 62717.7
0.0345938 90761.8
0.0348008 62455.9
0.0356749 90480.8
0.0359744 61825.6
0.0367591 90161.5
0.0371455 60842.5
0.0378448 89855.5
0.0383107 59416.5
0.0389309 89541.5
0.0394639 57833.8
0.040016 89150.6
0.0406002 56514.6
0.041099 88765.1
0.0417172 55577.9
0.0421789 88403.8
0.0428138 54946.7
0.0432547 87974.5
0.0438894 54189.9
0.0443254 87474.3
0.0449434 53675.7
0.0453893 87065.4
0.0459764 53262.4
0.0464446 86642.7
0.0469892 52111
0.0474891 86240
0.0479793 50167.2
0.0485213 85823.9
0.0489386 47630.5
0.0495395 85247.7
0.0498572 44482
0.0505425 84649.5
0.0507298 40920.9
0.0515292 84058.5
0.0515654 39962.8
0.0524993 83407.3
0.0523839 40640.9
0.053453 82808.3
0.053197 41912.4
0.054391 82216.6
0.054006 43414.2
0.0548105 44829.9
0.0553133 81389.4
0.0556093 46301.4
0.0562195 81055.4
0.0564016 47431.4
0.0571087 80173.7
0.0571864 47911.6
0.0579795 79862.8
0.057963 47724.9
0.058831 79217.6
0.0587305 46918.4
0.0596624 78648.3
0.0594884 45696.3
0.0604731 77897.6
0.0602357 44354.6
0.0612624 77334.3
0.060972 43039.5
0.0620302 76702.7
0.0616966 41706
0.0627761 76118.7
0.0624089 39792.7
0.0631084 38489.8
0.0635001 75452.6
0.0642021 74722.6
0.0637947 36993.3
0.0644674 36302.6
0.0648823 74100.8
0.065126 34699.4
0.0655408 73395.9
0.0657701 33463.8
0.0661779 72767.4
0.066794 72088.4
0.0663995 32235.9
0.0673894 71356.9
0.0670142 31210
0.067614 30265.7
0.0679645 70613.8
0.068199 29536.8
0.0685197 69886.5
0.0690556 69597.6
0.0687687 28758.2
0.0693225 27803.6
0.0695727 68525.9
0.0700714 67843.2
0.0698597 26531.1
0.0705523 67049.2
0.0703806 24670.2
0.0710159 66313.4
0.0708858 23000.2
0.0714627 65542.8
0.0713765 23168.1
0.0718931 64918.9
0.0718536 26854
0.0723077 64136.1
0.0723174 31688.4
0.0727072 63318
0.0727673 35986.2
0.0730921 62667.6
0.0732028 38605.7
0.0734631 61980.3
0.0736232 38145.7
0.0738203 61158.9
0.0740283 37811.5
0.0741641 60538.9
0.0744946 59854.1
0.0744185 37581.4
0.074812 59118.7
0.0747947 37593.2
0.0751169 57941.8
0.0751579 37791.3
0.0754101 56585.2
0.075509 38083.8
0.0756931 55242.8
0.0758487 38402.8
0.0759668 53263.3
0.0761772 38711
0.0762331 50690
0.0764957 46680.7
0.0764939 38652.5
0.0767577 42877.3
0.0767982 38464.8
0.077019 39931.1
0.0770896 37976.6
0.0772776 37576.7
0.0773676 37204
0.0775326 35639.7
0.0776319 36471.2
0.0777835 33579.2
0.0778825 35666.5
0.0780313 31199.7
0.07812 34871.7
0.0782754 29300.1
0.0783465 34772.7
0.078512 28846.2
0.0785642 35104.9
0.0787375 29594
0.078775 35843.8
0.078955 28711.1
0.0789803 37168.7
0.0791729 25093.3
0.079181 38215.2
0.0793982 18889.2
0.0793778 39761.5
0.079571 41518.2
0.079598 17753.2
0.0797608 43916.3
0.0797675 17880.4
0.0799382 40524.4
0.0799369 10887.7
