397360
328529
290298
263571
245915
231156
215271
201694
189014
178528
170312
164520
159844
156891
154395
153490
154830
158704
165059
176247
190610
195987
196829
193738
188612
182891
177991
173001
169048
166503
162271
163240
156945
151837
150998
148124
142157
139229
137808
137828
139351
141892
145511
147355
146691
143388
138575
137052
127071
119820
115870
109367
104016
96937
93519.6
91474.8
86048
83703.4
82018.2
80791.6
80169.7
79076.4
78381.6
78100.7
78200.6
78737.9
78974.7
79062.9
79367.8
80140.1
83763.1
84841
79848.6
85878.8
81402.8
80224.2
80179.6
77040.9
76424.8
73152.5
70304.5
68793.1
69322.1
67008.4
67398.2
66790.2
65960.5
65044.7
64325.4
63517.8
62118.1
61040.6
60069.9
60329.5
58041.3
57794.8
58981.8
58306.5
57886.3
58345.9
58493.9
59063.3
59038.6
59208.5
61799.9
60246.9
60914.4
62190.9
62461.8
64178.9
66621.2
69753.8
72781.1
76585.6
78800.5
81094
82049.2
84424.7
87772.9
89869.5
91908
92611.7
96461.5
100194
103611
99461.4
104528
103362
102343
95066.6
94909
94244.1
92603.3
94448.9
89695.9
98126.6
92868
94132.2
91007.3
89570.4
86056.9
85953.9
83164.4
83194
83694.7
83517.2
86470
85202.7
85958.8
85826.3
83607.2
84189.2
84882.7
88778.4
85646
87519.4
83929.4
82456.5
83352.8
83901
87271.2
86443.9
85719.5
86874.6
84474.8
82978.8
81134.4
77971.4
74142
71913.8
69332.2
68423.7
69401.9
68569.5
70445.9
73493.3
69878.9
67701
68742.8
66632
67773.8
66698.6
69457.3
62522.1
61657.9
58736.6
55711.1
60461.1
55086.8
52016.8
54697.1
60648.4
53974.7
50130.2
65144.6
53296
48725.2
49510.5
47168.6
50211.5
46689.9
45562.6
47536.9
52271.5
53616.2
60717.6
52234.2
49493.9
63843.7
61524.9
51814.3
52515.4
46354.3
45180.1
46940.9
47968.6
46250.2
57581.5
64462
59291.1
55829.8
62999.9
53590
57331.4
57091.6
69910.2
60589.2
59050.4
57197.5
52466.6
52970.7
53409.8
52458.7
48743.1
54763.6
51305.5
51845.6
51496
54817.8
53048.7
48326.2
50719.3
50624.4
49767
44242.7
56843.3
45428.9
47821.5
47227.2
44360.2
47089.8
48814
43001.4
45905.4
42741.2
56778.2
47678.7
48843.4
44728.9
47529.9
57440.3
44919.1
46162.8
48145.3
48713.2
49035
45109.9
42192.4
47553.4
47961.7
46400
46400.1
48813.4
45783
44746.1
47786.9
51863.5
48161.4
42898
42625.6
47049
46763.2
45128.4
44335
46039.5
45185.1
52654.6
51668.7
51032
51603.5
46465.3
45948.5
49658.3
49719.1
47496.6
45204
45510.1
45834.9
46658.2
45670.1
44157.6
42185.9
41345.7
45782.7
40824.4
51768.6
53056.8
43080.7
44719.2
46755.5
46513.1
44256.8
51506.7
55639
49452.1
46856.7
46692.7
44859.2
46583.9
53850.6
48364.9
67641.9
55891.1
48467.2
47808.4
70725.9
57969.1
47674.4
48311.9
51767.9
56606.7
76372.5
56886.6
57219.8
56224.8
53233.5
53658.2
51478.2
52789
52946.4
46215.7
44617.1
43245.8
43394.9
41725.6
40836.9
40238.9
40853.6
40403
39335.1
40142.3
38152.8
39135.6
38992.9
36899.2
36931.1
35970.1
44407.6
39274.5
36306.2
37083.9
38069.4
36590.9
36887.1
39079.2
38071
39670.1
38171.5
40217.7
40359.3
39347.9
41261.2
41146.4
42851
43689.4
45126
45184.9
41670.5
41038.9
42289.5
35493.7
32672.6
31364.8
30724.9
29093.2
27741.5
27235.5
26887.5
26735.6
25517.5
24693.4
25864.1
23710.8
23140.1
22147.4
21875.6
21513.9
24163.3
22042.8
21304.5
20359.7
20157.6
19947.7
20826.6
21805
19766.5
19258.1
19781.4
19073.4
19131.9
18821.1
18878.6
18913.1
19303.1
19052.3
20202.7
19055.2
18605.8
18071.6
17127.3
18793.7
17096
24201.6
19253.4
17884.7
16767.6
17060.6
18626
16943.2
18272.3
17080.7
18624.8
16231.8
18071.5
16804.1
16039.5
17839.5
15949.4
15339.1
18263
15776.8
16409.8
16808
17108
16626.6
16270.9
15449.7
18994.8
15647.1
16147.8
15161
18843.3
15322
15938.3
15239.5
16795
16184.2
15924.9
18598.3
15274.2
15789.6
17948
15146.3
16474.3
16515.6
16712.2
16413.3
16826.5
15183.4
15490.2
16105.7
15773.2
16054.3
16331.2
15535.7
17266.4
16015
14260
13710.8
13449.8
12684
13191.4
12666.2
12669.6
13416.9
13613.2
13253.5
12691.5
12205.1
15763.9
13742
12990.4
12390.2
11946.7
11642.5
11412.1
11373.7
12020.4
11610.5
11223.9
11107.2
11377.2
11659.5
11316.1
12046
11662.6
11488.2
11822.5
12206.6
11855.1
12261.5
13946.4
12620.2
12869
11795.4
11387.3
11134.6
10939.1
11947.6
11597.4
13238.2
12584.1
13481.2
12446.2
12487.9
12375.2
11829.6
11929
11593.7
12024.2
11992
11270.9
11497.6
11393
11665.4
11213
11411.7
11428.8
10966.5
10742.3
11676.2
12388.8
13858.9
11906.5
11586.4
11519.1
11446.1
11725.9
11365.4
10935.7
11401.5
10902.9
10561.8
10197.6
10238.8
10410.1
10329.8
10051.3
10282.7
10792
9745.18
9958.47
9663.69
9478.08
9574
10003.7
9077.6
9169.54
9639.5
8776.82
8936.54
8882.21
8971.13
9027.59
8786
9270.5
8693.43
9208.82
9537.64
9218.82
8870.7
9457.54
8715.15
8521.56
8978.63
9893.01
9995.94
10319.2
8896.31
8447.04
8561.99
8145.12
9256.07
8642.29
9091.09
8865.93
8391.81
8553
8387.31
7650.73
7520.19
7743.47
8129.85
7479.45
8735.64
10910.9
12660.9
8686.33
12223
9829.84
9026.66
11092.2
10155.2
9385.04
9331.89
8651.23
7838.76
7538.69
7299.44
8368.44
9288.7
9403.85
9905.27
10606.4
8156.63
8272.7
7164.67
7886.27
8201.52
8487.52
8056.68
8334.38
8391.59
7492.46
7831.17
8006.02
9159.1
8704.12
9237.29
8710.1
8852.96
10169.2
9608.4
9080.45
9532.83
8625.93
8624.96
8657.81
7973.78
8167.08
7415.94
7313.91
7043.55
6731.19
7238.71
7053.52
6889.21
7627.58
8291.81
7615.86
7404.78
7553.84
7570.03
7819.52
8491.16
8047.23
8665.17
7477.1
8148.88
7217.37
7077.19
7641.83
8223.14
8601.08
9046.34
7419.7
7676.5
8530.68
7894.53
7680.33
6851.8
6528.21
6373.68
6270.95
6305.01
6370.53
6714.14
6472.94
6661.72
7159.26
8287.28
8223.85
7332.44
7501.06
7587.3
7390.7
6770.01
7089.26
7226.37
6879.74
7329.67
6554.95
7200.3
7070.59
7069.12
6622.63
6134.68
6734.33
6007.14
6337.12
6084.52
5805.52
6022.63
5928.64
5967.71
5607.49
6768.68
6612.41
6846.13
7802.11
9149.54
8499.02
7440.22
7925.65
8070.92
7401.72
6957.2
7272.37
7076.83
7397.52
6251.69
6093.7
6448.3
6219.79
6361.87
6112.55
6915.6
6319.67
6513.67
7117.77
7487.61
7238.9
6559.42
6133.52
6736.63
6800.59
6153.21
6803.97
7319.41
6668.74
6471.17
6660.54
6467.95
5851.82
5976.56
5901.49
6022.23
5669.67
6257.37
6262.52
5813.42
5188.85
6018.44
6041.63
6658.66
6557.16
6818
6007.68
6928.73
6231.12
6318.29
6406.82
6844.43
6307.43
5939.26
6758.06
5838.84
6396.3
6192.64
6667.17
5856.53
7886.78
5910.87
6134.9
6382.12
6827.84
6437.38
6248.83
7005.51
7077.23
8589.73
6748.97
9058.46
7148.08
7387.12
6136.06
6085.97
5864.58
6751.1
5881.74
6374.48
5838.07
6172.33
5972.06
6624.66
6366.93
6840.56
6905.21
6623.09
6478.14
5538.39
6451.11
5764.07
7015.15
6367.03
5649.84
5889.95
5502.69
5765.5
6116.34
5223.37
5868.04
5747.94
6162.61
6078.16
10766.1
9434.16
7049.86
6880.49
7028.27
7079.94
7229.25
9488.46
9634.49
7123.62
7543.15
7708.45
7085.5
6731.08
6687.57
6173.55
6177.41
7328.13
6341.13
6459.21
6820.17
6767.07
6039.82
6904.13
5949.48
6141.34
5847.45
7471.16
5686.47
6383.52
6540.18
6948.05
6616.89
6671.89
7205.22
6760.99
7423.01
7055.13
6682.1
6601.21
6726.52
6437.73
6831.69
7167.16
6837.27
6830.92
6318.46
6766.16
6344.77
6018.57
6843.35
6662.33
7004.07
7632.95
6136.27
7222.21
6972.42
7666.85
8141.5
6807.12
7251.45
6580.68
5845.04
7552.52
6136.91
6570.99
5817.99
5743.25
6087.08
6803.24
6168.52
6753.64
5720.34
6830.59
6791.32
6565.78
6658.92
6883.59
6594.89
5882.39
6238.45
5971.04
5740.55
5636.23
6444.22
5632.54
6212.7
5856.72
6583.6
5717.39
6066.18
6656.4
6123.95
5878.39
6607.73
6358.57
5922.11
5684.71
6245.86
5447.89
5867.57
5977.59
5700
5881.44
5781.98
6220.12
5797.53
5928.23
6499.69
5690.56
5985.26
6387.37
5646.41
5445.87
5937.44
6351.75
5642.37
5912.6
5696.02
5931.07
5879.64
6288.72
5931.64
5387.19
5731.55
5750.68
5783.28
5896.29
5920.4
5805.87
5356.38
5480.73
5590.09
5765.82
6059.77
5949.87
6572.71
6445.86
6594.45
6281.88
7260.45
6427.75
6534.67
5441.93
5909.2
5650.94
6663.71
5605
5885.52
6559.02
5178.59
6029.92
5591.19
5953.35
5636.48
5170.5
6003.15
5174.14
5926.4
5097.09
6032.81
5859.33
5043.01
6205.31
5884.36
6753.1
5844.24
6486.73
6324.24
6773.54
6687.12
6090.06
6586.58
8607.6
11292.6
6861.44
7229.23
6713.78
5175.25
6897.49
5530.46
6242.85
6082.17
6201.16
5666.88
5793.4
6639.75
5555.5
5643.69
5820.99
5840.98
4801.85
5118.12
6419.69
6262.69
5538.82
4928.44
6118.59
4517.6
5501.48
5153.01
5501.69
4829.54
5323.96
5575.43
4968.15
4946.78
5772.81
4951.7
4412.37
5400.46
4848.09
4399.55
4751.65
4343.57
3752.12
4051.07
5756.99
5946.55
6066.75
4691.65
5486.71
4686.28
4271.09
4805.53
4989.51
4504.15
4954.18
5613.34
4829.25
4645.15
6278.18
5174.75
4841.71
5078.22
5548.4
5379.74
5190.62
5864.13
5407.94
5242.46
5220.85
5447.64
5131.43
4671.02
5196.85
4818.55
4855.79
5859.02
5490.47
5247.6
6056.36
5375.49
5040.81
5952.4
5681.25
5860.68
5847.01
6509.78
6031.01
5095.77
5770.67
5589.63
5539.27
6536.45
5912.07
5806.92
5763.53
5741.32
5399.09
5908.18
6061.9
5802.9
5981.26
6040.44
5537.28
5764.8
6091.19
6852.13
7161.43
7051.29
6789.33
6954.76
7052.5
6839.59
7286.66
6513.72
6544.52
6452.03
6936.96
6302.23
5874.77
6170.58
5924.51
6260.3
6096.12
6016.95
8732.55
9119.12
8906.5
8092.29
7141.88
7423.01
7485.6
7351.18
6703.59
7226.09
6816.72
6924.84
7144.16
6775.66
7305.45
7571.52
7265.38
6818.39
6084.94
6017.39
5683.32
5974.1
5572.3
6106.11
5970.61
5978.78
6153.61
5403.84
6015.62
5903.92
5507.72
5909.76
5825.57
6439.9
6453.32
6809.52
6971.22
6106.24
6337.24
6086.35
6454.49
6407.36
5977.52
6934.16
6834.77
5490.37
6157.9
5881.9
5841.58
5974.41
6139.61
6313.65
5654.7
6062.67
5887.23
5618.65
5670.5
5985.65
6230.51
5702.72
5611.8
6115.06
5821.39
5917.07
5679.58
6058.04
5490.15
5808.94
5492.09
5633.48
5432.69
5712.66
6025.29
5791.03
7121.78
6425.46
5892.32
5464.97
5342.63
5487.88
5011.4
5371.98
5236.57
5881.18
5636.64
5773.87
5570.24
5485.39
5739.44
6016.17
5726.61
5954.19
5602.93
5513.59
5628.77
5695.46
5560.22
4977.83
5137.63
5097.51
5174.07
4939.95
5475.95
5039.96
5168.6
4983.63
4916.65
4932.19
5339.85
5606.81
5134.63
5977.14
6685.98
5671.84
5933.43
5969.16
6386.69
6566.1
6313.06
5440.58
5663.17
5055.59
4903.39
4945.55
5383.79
4823.36
4620.46
4536.14
4674.04
4407.93
4214.52
4655.49
5722.91
5341.08
5137.01
5052.09
4289.55
4433.94
4855.2
4250.02
5404.19
5404.36
5679.7
6397.96
5540.42
5233.03
4810.6
4140.3
4679.49
4363.41
4238.31
4734.1
4504.46
5215.52
4831.28
4932.18
4981.29
5837.81
5475.86
4534.53
4217.02
5184.49
5403.88
6125.32
4979.85
4338.25
4274.33
4503.72
4446.61
4923.29
5940.98
6042.38
5133.37
4603.05
6611.47
6327.39
5158.37
4387.92
4072.18
4123.82
5294.86
5317.96
4727.61
4856.37
5718.53
5801.78
4801.5
4566.06
6469.3
6588.03
5358.36
4966.72
5351.66
4785.45
5593.41
4445.82
5397.1
5573.45
5640.58
5184.53
5272.42
5210.36
4653.06
5089.4
4911.73
5082.07
4793.83
5248.42
4936.67
5877.52
4896.76
5143.68
4943.06
5954.89
5617.72
4452.92
5269.19
5312.88
5979.89
5464.95
5905.58
6969.67
4806.64
5460.88
5305
4839.95
5136.3
5004.24
5208.88
5033.11
4859.89
4559.41
6417.59
4698.2
5992.54
5823.69
4832.09
5316.67
5949.05
4884.94
4641.3
4699.17
6022.54
4927.15
5734.83
5994.11
5846.41
5422.11
4638.62
5280.54
4606.72
4794.07
4628
4468
4829.76
4377.55
5337.93
4047.07
5002.16
4896.82
4632.35
4207.07
4789.46
4551.18
4836.34
4542.32
4839.31
4811.45
4935.84
4382.59
4786.23
4497.45
3939.49
4053.3
4339.73
5028.18
5589.96
6138.49
4942.53
4687.29
4976.42
5889.04
5487.91
5005.97
5249.73
5868.1
5813.77
5263.56
4526.53
4485.54
4707.36
5123.64
5939.44
5205.96
5236.52
4592.79
5301.56
5007.87
5064.01
4821.3
4563.43
4518.84
6124.34
5802.27
5841.83
5621.07
7446.75
5927.62
5105.76
6050.01
6614.74
5569.88
5694.77
5626.32
7097.22
7790.22
5376.79
6205.01
5345.53
6347.93
5199.43
6041.84
5531
5569.44
6253.36
5872.8
5640.5
4637.05
4776.97
4284.39
6206.04
5385.01
5349.16
4777.84
4529.16
4383.45
4874.67
5074.68
4642.21
4358.15
5268.86
4557.85
5185.27
4757.96
5504.84
4701.79
5017.08
4659.01
4488.37
4894.33
4364.66
4554.39
4715.71
4121.76
4614.49
4327.3
4957.93
4071.47
4321.71
4384.56
5165.71
4837.61
4546.86
4589.67
5133.92
5291.75
5263.01
5457.04
5449.43
6142.59
6595.48
5941.05
4775.88
4457.59
4950.91
5753.7
4768.99
4793.54
4533.53
4606.17
4633.28
4793.74
4414.38
4699.19
4745.28
4579.46
4324.11
5028.55
4904.07
5707.89
5589.06
5346.1
5376.16
5877.29
6163.36
6061.11
5830.69
5664.62
5995.07
5269.76
5186.13
5248.7
5459.43
5281.65
5067.07
5143.52
5142.37
5100.96
5267.87
5095.5
5758.24
5796.71
5574.36
5582.69
5188.41
5540.37
5197.76
5285.95
4773.8
5435.21
7509.02
5213.01
4878.06
4772.99
4851.14
5169.25
6000.4
5009.8
4698.75
5406.89
5559.45
5498.87
5506.59
6414.91
5693.38
6385.04
5937.14
6084.11
6333.21
6253.17
6634.89
6610.21
8007.65
7739.69
6963.47
6287.83
6335.78
5880.28
5278.48
5335.89
6005.25
8038.01
5911.89
5707.37
6109.49
5859
5821.1
6422.95
6476.83
5551.3
6996.59
7492.45
5642.16
5311.18
6107.46
5768.17
6416.31
5245.18
6547.03
5277.33
5803.48
6217.49
5569.43
5845.1
5399.92
4996.66
5466.14
5398.98
5528.35
4939.54
5562.47
5796.9
6180.28
5501.4
5505.37
4924.92
5294.76
5320.42
4804.24
4991.43
4612.18
4818.09
5425.97
4509.96
5731.73
5120.88
7063.79
4966.53
5999.08
4862.34
5279.77
5784.59
5358.55
4780.03
5055.63
6101.73
6095.95
6965.95
5403.57
5324.51
5463.41
5139.33
5157.19
4334.87
5196.67
4394.29
4238.25
3995.32
4078.03
3971.41
3783.82
3650
3908.83
3841.33
3591.39
3421.98
3567.6
3390.68
3476.37
3287.52
3644.75
3503.76
3706.49
3583.11
3712.77
3831.58
3927.28
3879.11
4049.92
4026.68
3989.06
4378.2
3928.19
3479.87
3634.15
3955.86
6623.05
4872.35
3656.57
4612.21
3851.69
4354.18
4053.27
3930.07
3994.22
4022.93
4065.94
4257.2
4431.2
4126.91
5603.82
5314.01
5532.27
5118.11
5073.87
4998.21
5483.92
5334.61
10798.6
5428.35
5037.4
4622.93
4978.07
4929.63
5170.32
5023.62
5434.98
5305.64
5535.92
8461.02
5593.24
5486.73
5012.35
4471.59
5081.18
4992.23
4823.92
5100.22
4765.9
6727.55
5030.17
5089.82
5660.68
7809.05
6121.44
5200.12
5619.22
5315.4
6582.4
6260.47
6792.01
6066.32
5633.05
5869.7
6326.61
5871.27
6241.29
7916.24
6366.72
6667.82
8879.72
6906.82
6666.64
6107.82
6538.57
6862.31
7528.75
7558.13
6145.01
7369.02
6459.26
6594
5930.24
5687.71
5742.63
6376.2
6076.94
6217.5
5111.9
5150.53
5212.35
5339.76
5220.23
5827.64
5210.63
5867.69
5557.96
5181.65
5656.08
4823.12
5516.29
5200.14
4943.9
5085.52
5006.86
4826.37
5434.88
5172.11
4628.21
4608.43
5243.62
5308.7
5495.31
6214.92
6162.16
5082.66
4913.81
4812.56
4772.57
4983.33
4827.26
4698.29
4194.09
4937.98
4764.68
5446.75
4897.14
4838.27
4781.88
4577.78
4656.47
4904.05
4196.19
4496.7
4096.49
3959.53
4451.27
4842.46
4625.78
4017.74
4062.63
4670.03
4712.97
5119.99
4745.4
4479.45
4062.72
4476.95
4442.93
4387.01
4495.34
4756.72
4728.46
4067.73
4227.67
4357.44
4396.19
4577.73
4611.19
5039.38
4636.7
4506.99
4316.5
4891.54
4030.01
4537.77
4417.02
4739.78
4310.34
4791.11
4359.62
4536.86
4438.01
4586.57
4474.43
4395.58
4693.26
4433.62
4312.48
4320.73
4369.17
4550.54
4416.6
4759.89
4401.29
4544.64
4180.55
4396.46
4449.97
4593.58
5193.03
4139.51
4605.38
4446.85
4438.01
4162.41
4402.22
4460.44
4305.95
4374.21
3813.86
3872.07
4175.34
4334.64
4706.47
4367.62
4290.57
4066.35
4084.14
3985.32
4330.14
4183.16
4118.39
4097.48
3877.88
4151.35
4429.6
4459.24
4268.38
4453.7
4839.77
4637.7
5064.85
4392.92
4181.99
4773.96
3991.91
3929.75
4553.56
4150.56
3959.36
4152.7
3960.42
4503.71
4500.28
4681.84
4337.82
4157.22
4399.52
4077.91
5178.82
5114.42
4968.54
4261.6
3891.7
4471.84
4035.95
4164.76
4307.38
4444.27
4461.49
3897.17
3932.49
4282.21
4595.45
4178.22
5153.65
4716.18
5016.78
4712.12
4724.96
4838.21
4671.14
5504.9
4382.91
4130.76
4865.79
4598.99
4818.26
4711.5
4266.79
4273.15
4069.13
4381.04
4800.08
4676.82
5028.03
4120.79
3943.06
3719.84
4157.93
4814.23
4300.48
4951.83
4642.52
4703.28
4305.84
4732.19
4562.14
4558.41
4497.85
3807.09
3738.2
3712.31
3561.81
3822.87
4193.42
4267.31
4271.18
3973.88
3698.72
3753.34
3869.18
4079.34
4362.72
3957.23
3755.37
4279.69
4171.91
4413.91
4229.79
4765.65
4184.9
3925.96
3791.37
4109.64
4661.37
4156.55
4354.76
3917.17
4196.6
3823.03
3977.24
4220.82
4315.38
4294.54
4157.71
3658.27
3699.08
3758.51
3984
4101.38
4421.25
3965.02
3821.66
3987.58
4352.6
4031.31
3952.72
3883.07
3686.81
3689.14
3593.93
4185.36
3919.52
3570.38
3405.38
3653.46
3863.66
3224.34
3695.81
3496.53
3635.66
3341.03
3243.98
3723.36
3187.1
4186.36
3727.82
3357.46
3037.88
2758.76
4353.95
4027.32
4146.24
3330.17
3800.94
3502.77
3974.83
3594.81
3592.11
3731.9
3313.75
3830.57
3719.62
3461.63
3707.05
3507.59
3914.47
3690.46
3502.01
3262.05
3557.07
3700.51
3699.36
4161.62
3981.55
3669.78
3386.01
3781.93
3649.78
3614.46
3370.27
3095.22
3700.78
3883.78
4100.69
4069.56
4108.15
4841.93
5310.37
5164.78
5224.68
5151.9
4878.92
5423.56
4573
5107.63
4364.37
5090.23
6468.91
4813.22
4939.39
4458.7
4150.38
4370.13
4362.74
4485.2
4221.62
4049.83
4140.78
4858.31
4036.36
5069.9
3936.98
3981.99
3635.77
3914.03
4263.71
4213.47
4877.8
4137.54
4846.18
4039.78
5029.97
4419.74
4259.5
5735.44
4722.46
4083.02
3869.86
6802.71
4999.38
4619.3
5064.34
5286.59
4496.03
5288.62
4914.98
4579.39
4775.54
4511.75
4964.71
4553.64
4394.89
4519.74
4778.06
4618.65
4430.62
4575.53
4427.79
5001.2
4829.37
5332.3
5069.67
4822.34
5630.94
5088.93
5365.88
5148.16
4968.86
5279.73
4797.13
5466.46
4701.11
5085.49
4947.22
5265.85
5036.17
4905.26
5378.46
4161.7
5138.2
4487.09
4843.87
4826.09
4748.39
5244
4492.73
4646.28
4232.58
4803.77
4086.83
4835.8
4533.41
4711.51
4262.52
4271.72
4749.85
4468.53
4620.9
3918.59
4846.19
4084.17
4768.73
4513.81
4936.63
4660.44
4615.33
4467.27
4540.1
4368.85
4742.96
5379.82
4529.84
5690.24
5441.5
5455.63
5018.04
5486.93
5694.89
5989.43
5793.5
5647.97
5640.61
5838.28
6220.52
5639.91
6455.61
6196.04
6989.4
5867.62
6249.45
5562.69
5546.22
6232.51
6041.08
6017.37
5181.12
5811.12
5614.29
5915.88
6081.21
5406.36
6007.11
5622.7
5690
5604.78
5475.35
5786.47
5920.39
6306.07
5395.38
5698.3
5530.48
5982.35
6398.91
5316.53
5824.53
5452.44
5742.16
6001.78
5182.69
5943.41
5760.36
5823.02
5520.72
5311.05
5478.77
5064
5775.59
5271
5625.52
5943.41
5463.21
5800.18
5733.09
5232.16
5706.56
5501.5
5556.39
5333.91
5186.4
6027.59
5472.09
5512.18
6265.35
5542.87
5907.42
5641.49
6028.27
5353.11
5903.74
5675.18
5475.19
6208.27
5603.81
5655.84
5717.52
5786.15
6223.31
5822.89
6226.01
5566.64
6126.76
6053.28
5587.15
5941.49
5196.58
6070.24
5761.97
5877.64
6114.96
5259.12
5982.75
5146.66
5834.24
5563.11
5497.56
6048.3
6380.95
6125.98
5730.23
5860.78
5763.51
5299.97
5766.92
5493.71
5737.57
6415.66
5465.88
5978.66
5442.38
5610.73
5800.37
5334.05
6189.54
5336.97
5752.31
5509.14
5245.2
5916.2
5448.85
5479.71
5230.67
5165.27
5990.35
5083.02
5627.03
5751.64
6052.22
5660.58
5476.31
5757.21
5742.18
5403.32
6145.37
6258.6
6535.89
6016.51
5612.66
5578.51
5606.61
6317.68
5847.53
5615.48
6248.71
6088.26
5479.17
5710.71
6086.1
5495.35
5882.81
5663
6141.57
5331.82
5725.7
6100.84
5702.42
5349.42
5588.37
5761.25
6166.65
5291.19
5632.44
5413.96
5898.54
5525.61
5381.27
5864.63
5478.62
6190.07
5893.03
5461.12
5484.43
5980.54
5458.33
5066.31
5710.06
5573.83
6081.63
5825.5
5558.04
5578.96
6014.67
6187.57
5623.68
5891.89
5615.89
6018.64
5632.56
5021.37
5712.83
5717.11
6014.75
5854.29
5870.26
5952.06
6070.61
5358.96
5612.94
5931.08
5769.04
5786.17
5601.99
5605.29
5034.04
6322.37
5564.38
5411.93
5620.9
6924.77
5806.9
6072.83
5226.74
6404.42
6133.24
6766.62
6528.44
5616.99
7181.82
6438.61
6825.24
6103.98
5784.69
6289.97
6470.44
5893.36
7265.06
6570.37
7075.57
6179.23
5798.56
6582.71
7039.7
6019.89
5686.13
8199.89
6749.56
7358.31
5785.64
5885.85
6446.18
7160.45
5798.32
5223.18
5996.44
7217.69
6360.21
6951.33
7089.87
6609.57
7352.84
6004.7
5764.74
5970.65
7229.61
5818.87
7210.47
5510.42
6401.04
7019.97
6270.23
5370.35
5639.28
6014.9
5463.79
6200.19
5584.04
8108.23
6887.25
7411.79
6087.93
6374.06
6116.17
6375.07
6964.88
6320.16
6429.97
5815.79
6082.46
6463.54
5091.65
6300.96
6104.01
5721
5688.21
5983.82
6017.64
6331.11
6903.36
7389.65
5925.16
5498.29
6535.16
6700.64
6193.79
7391.54
6015.87
5989.9
6249.09
6015.46
5136.64
5275.59
7643.68
6033.86
6803.79
6784.85
6214.2
6303.83
7353.18
6228.35
6000.23
5511.71
6306.42
5868.02
5863.34
5994.58
6496.01
7661.21
5881.57
7456.76
5482.57
5743.34
6323.49
6126.83
5723.44
5812.51
6336.89
5441.7
5837.08
7533.57
6077.95
5658.48
5818.5
5837.12
5969.43
6329.14
6561.79
6332.98
6929.01
5362.06
5582.01
6238.2
5913.99
6048.23
5888.78
5887.35
5367.88
6008.77
5688.87
5446.99
5121.99
5075.97
5842.21
6565.24
5556.07
5287.88
4711.33
5685.39
5250.02
5609.65
5703.3
5422.18
6006.17
5291.18
5344.96
5943.6
5819.4
5874.86
5412.57
5574.41
5284.23
5310.82
5322.91
5350.38
6324.63
5429.55
5971.8
5012.73
6742.52
5845.78
5291.57
5698.3
5430.89
5729.45
4988.95
5325.19
5300.53
5521.12
5725.69
5121.06
5186.79
5001.02
5253.98
5531.25
4642.4
5165.58
4657.39
4711.58
5117.03
4437.56
5313.77
4740.06
5441.81
5621.74
4836.2
5157.04
4597.98
4871.05
4969.71
4261.11
4649.81
4716.65
4769.27
4691.48
4068.37
4480.9
4660.84
5036.12
4620.53
4665.32
5401.07
4869.35
5080.19
5176.04
4736.99
5368.56
4779.78
5180.99
4723.77
4702.35
5534.25
4932.5
4858.19
4737.66
4832.36
5515.99
4308.64
5105
4748.48
5192.29
4959.12
5139.22
5189.49
4330.71
5102.36
4718.06
4767.81
5241.13
4418.36
5103.3
4460
4638.29
4873.64
4609.11
5206.01
5265.05
4908.7
4513.78
4966.86
5093.36
5017.84
5201.43
4803.47
5138.84
4733.33
4689.66
4660.51
5132.67
5237.41
4752.2
5111.25
4449.78
4799.69
5027.6
5105.9
5435.01
4908.6
4912.11
4509.07
5207.85
4987.92
5401.58
5246.2
4794.61
5242.29
5010.31
5243.4
4637.76
5170.76
4789.46
5159.88
4759.86
5314.52
5122.05
5167.06
5479.21
4884.18
4839.54
4590.15
5145.99
4590.81
5755.6
5329.38
5791.44
5596.83
5183.18
4727.52
5442.11
5453.07
5502.43
5170.77
5338.4
4875.54
5142.39
5313.85
5545.91
5490.51
5717.99
4768.42
5304.18
5264.94
5607.73
5144.41
4908.03
5094.33
4934.68
5357.12
5264.33
5375.3
5127.12
5246.29
5347.7
5427.82
5885.14
5548.74
5095.44
5133.66
6042.31
5471.01
5088.31
5107.6
5224.39
4978.55
4670.56
5639.62
5536.17
5930.26
6521.97
6270.25
5030.18
4817.54
6048.71
5672.61
6540.99
6235.79
5730.67
5092.22
5257.84
5352.73
5825.25
5439.66
5661.64
5410.76
4913.73
6004.16
5681.26
5706.87
6320.25
5530.29
6044.89
5583.86
5681.11
6223.69
5898.13
6446.93
6390.92
5756.37
4828.34
5565.81
5204.41
5919.02
6190.74
6003.8
5255.58
6342.57
6061.72
5590.64
6095.93
5183.74
5643.53
6303.11
6771.24
6450.68
6124.54
6278.49
6372.59
5431.27
5265.37
6046.37
5859.56
6448.28
5721.77
5234.98
5360.1
5526.24
5934.64
5685.55
5074.27
6054.01
6019.18
5905.39
6181.51
6061.27
6159.03
5779.32
5739.27
5071.82
6317.34
5772.92
6157.72
5437.88
4964.24
5506.28
5614.65
5791.16
5460.33
5242.8
4708.66
4934.7
5652.76
5142.59
5906.18
5629.87
5106.8
5053.24
5043.36
4667.56
4362.95
5127.11
5802.6
5869.04
5159.58
5374.8
5874.66
5459.52
4794.32
4823.87
5118.78
5024.66
5481.03
4855.74
4869.17
4533.36
4696.18
4890.13
5179.76
5827.1
5176.5
4625.01
5082.94
4269.74
5091.88
4805.59
5500.64
4965.37
5363.32
4841.89
5862.63
5993
6611.05
5858.87
5804.22
5922.39
6204.69
5733.6
5751.73
5498.21
6057.09
5568.92
6322.44
5727.34
5377.08
5232.53
5545.16
5758.83
5480.39
5787.78
5273.6
5900.44
5504.78
5581.42
5295.57
5376.86
5734.53
5929.17
6389.77
5885.93
5947.5
6070.26
5886.5
5908.79
6006.99
5606.32
5811.46
6061.33
5598.1
5758.54
5731.7
5553.82
6263.75
5255.62
5998.06
5700.2
5324.42
5743.03
5948.72
5990.24
5431.46
5504.41
5832.4
5530.82
5878.93
5138.94
5547.16
5418.66
5618.95
5922.31
5096.11
5589.3
5799.93
5726.63
5723.99
4967.24
5877.53
5602.73
5702.09
5233.5
5511.1
5399.53
5248.79
5924.01
5106.46
5693.18
5721.29
5404.56
6490.7
5751.32
6052.39
5932.43
6035.13
5163.12
5042.59
5929.34
5205.16
5362.06
5666.02
5111.05
5701.86
4928.79
5168.11
4735.38
5240.6
5095.01
5678.29
5610.58
4291.84
5211.21
4631.64
5405.06
4679.13
5299.07
5320.32
4951.9
5013.57
4871.74
4651.87
4324.34
5260.62
4551.42
5074.62
5061.8
5391.9
5304.56
7089
6102.26
4935.94
7158.67
5877.93
6357.75
6741.52
6226.56
5614.84
5678.19
5948.04
6680.71
5241.88
5991.88
4508.57
4984.83
5366.78
6874.26
5049.49
5820.24
5949.54
6369.48
6389.2
4626.32
4773.37
6129.6
5351.39
4581.29
5532.27
5936.41
4941.22
5430.77
4172.3
5942.03
5504.25
5524.65
5333.24
5717.97
4799.86
4638.62
5003.02
5903.38
5255.38
5978.87
4589.66
4964.81
5737.42
5844.67
5281.33
5782.28
5641.06
4310.41
5910.35
4924.91
4697.79
4570.58
5221.6
5471.07
5879.41
6190.83
5665.81
5595.34
5161.5
5011.5
5171.7
4598.38
5176.25
5824.68
5949.51
6506.15
4714.42
4925.68
5719.74
5321.62
5219.76
6049.51
6659.6
5034.06
4654.4
5140.1
4918.51
4790.56
5674.23
5231.17
5462.93
4612.09
4386.54
4565.53
5201.46
6381.1
5328.03
5442.07
5280.24
5351.21
5494.16
6174.61
5722.43
5154.89
4634.57
6013
5438.14
5777.55
5496.92
4301.55
5121.92
5301.19
5760.71
5208.87
6422.22
4606.95
3931.25
4395.84
4527.39
4432.43
5012.81
5207.14
5045.69
5243.86
5926.35
5605.2
6249.4
4606.51
4686.36
5682.37
5001.66
5862.8
4996.25
4638.61
5067.41
4686.89
4737.97
5086.42
6200.74
5220.25
4162.01
5018.67
4898.4
4409.46
4340.19
4596.26
4570.7
4970.11
4040.72
4058.68
5326.51
5164.25
6007.14
4406.3
4613.53
4781.55
5737.36
5639.63
4133.08
4401.59
4399.91
4404.66
4878.05
5220.23
4709.72
5051.24
5026.28
4987.46
5171.17
4587.04
5149.91
4497.01
4589.98
4135.93
3763.43
5302.96
4898.34
4383.79
3460.75
5375.28
4177.46
3956.88
4367.3
5107.11
3697.96
3684.91
4651.79
5160.21
3708.67
4938.86
3978.51
4019.95
5280.75
4744.24
4796.03
4973.3
4740.78
4315.44
5401.11
4640.45
4757.28
5381.6
5861.63
4437.08
4323.95
4212.11
4557.82
5469.91
4599.01
4635.87
4806.92
5212.04
5070.3
5706.99
5765.78
4994.09
4142.13
3845.02
4783.55
4449.4
4802.9
4298.39
6255.36
5373.58
5496.49
5001.29
4611.62
5090.48
5629.21
4506.17
3842.12
5365.63
5212.57
4938.43
4664
5079.87
6127.35
5753.74
4598.65
4690.38
5229.88
4386.08
6094.16
5379.24
5045.57
5289.41
5256.75
4550.98
5024.96
4657.55
6064.26
5386.01
4642.05
4400.82
4147.53
4879.83
5494.59
5562.77
5621.99
5427.12
5335.06
6348.95
4630.85
4953.05
5633.65
5857.71
5006.58
5333.21
5629.34
5428.43
5260.59
6246.72
5540.42
5191.32
6095.85
6050.16
5255.36
6030.15
5588.79
6127.12
5706.68
6289.34
5083.28
5047.9
5749.7
5766.79
5724.68
4626.12
4834.6
5977.72
4722.78
5259.27
4898.37
5176.93
5866.89
5061.02
4799.05
4286.35
5786.82
4946.4
6591
5344.26
5238.23
5505.25
5556.52
5277.76
4714.18
5950.15
5191.45
5879.55
5667.68
5102.5
5602.76
5353.6
5886.79
5905.48
5785.08
6075.45
5509.07
5110.48
3722.97
5133.12
4245.35
5642.82
4908.03
4891.46
5689.22
4627.17
5639.4
5091.56
4910.88
4669.06
5150.19
5172.37
4250.48
5096.79
4986.3
4332.59
4267.27
4656.53
4777.05
4440.6
4693.85
4554.44
4521.02
4227.86
4574.88
4449.02
5436.54
4994.5
4551.08
4878.86
4903.79
4755.16
4815.77
3965.13
4811.25
5529.3
4866.02
5659.23
5563.14
4580.94
5257.72
5002.72
5203.97
4384.59
4920.33
4811.18
4229.02
4949.58
5106.08
4856.19
4724.47
4741.14
5890.86
5095.43
5066.28
4212.22
4807.31
4861.22
4563.96
4890.09
5117.91
5007.48
4567.16
4884.18
4299.06
4867.05
4977.63
3897.58
5121.92
4828.68
4657.23
4555.54
4847.45
4836.03
4577.27
5222.84
5619.1
5531.96
5411.58
4608.06
5267.8
4616.96
4401.22
4827.21
4654.58
5041.62
5545.54
4887.23
3908.06
5005.54
4561.37
4949.84
4734.84
4765.84
4500.18
4281.84
5047.9
4566.84
5243.04
4780.45
4562.04
4611.15
5109.68
5686.19
4960.3
4986
4203.07
4847.87
4539.55
4412.76
4449.12
4225.96
3999.03
3842.8
4741.26
4499.23
4740.32
4719.13
4270.51
4425.93
4320.55
4228.51
4689.82
4361.32
3848.06
4331.74
4193.98
4570.52
4449.39
4552.23
4481.57
3797.77
3926.81
4325.71
4037.85
4165.38
5057.83
4561.47
4345.45
4233.27
4719.49
4067.16
5143.02
4567.81
4956.62
4249.96
4704.05
4085.12
4139.66
4478.11
4307.61
4934.43
4506.57
4458.04
4754.15
4367.55
4331.34
4373.86
4589.29
4625.04
3994.88
4464.12
4145.31
3834.63
4044.23
4934.85
4354.14
4533.66
4252.13
5022.32
3985.04
4850.14
4353.19
4534.49
4516.09
4031.03
4918.11
4741.57
4023.04
3782.92
3605.22
4356.2
4082.17
4197.32
4602.37
5271.1
3939.59
4311.23
4230.75
4003.82
4258.91
4394.86
4817.89
3723.55
4412.03
4092.19
4080.42
4081.47
4556.91
4486.46
4671.61
4328.56
4881.99
4354.38
4843.47
4348.14
4570.84
4172.83
4585.81
3908.32
4318.31
4048.45
4092.62
3918.09
4357
4417.58
4224.69
1281.16
946.399
804.234
694.574
611.092
547.676
489.75
441.785
415.557
409.693
423.884
453.281
488.406
521.486
547.053
561.523
563.265
552.121
529.077
496.335
457.325
416.663
380.063
353.821
343.242
350.177
371.72
401.701
433.358
461.04
480.752
490.107
488.073
474.714
451.062
419.126
382.011
344.049
310.811
288.489
281.882
291.604
313.546
341.441
369.502
393.435
410.439
418.945
418.38
408.992
391.766
368.393
341.318
313.774
289.694
273.183
267.286
272.523
286.536
305.316
324.758
341.529
353.298
358.678
357.127
348.86
334.798
316.539
296.327
276.952
261.458
252.509
251.491
257.912
269.631
283.756
297.483
308.537
315.3
316.801
312.664
303.067
288.722
270.866
251.266
232.19
216.244
205.913
202.742
206.596
215.687
227.377
239.063
248.659
254.741
256.519
253.777
246.807
236.364
223.616
210.101
197.613
187.982
182.667
182.281
186.347
193.497
201.972
210.078
216.435
220.067
220.403
217.262
210.834
201.663
190.644
179.003
168.226
159.882
155.276
155.013
158.732
165.262
173.057
180.616
186.717
190.497
191.458
189.449
184.642
177.516
168.844
159.664
151.204
144.733
141.279
141.305
144.526
150.025
156.57
162.936
168.102
171.331
172.19
170.544
166.545
160.619
153.45
145.94
139.135
134.073
131.549
131.872
134.759
139.445
144.94
150.271
154.636
157.465
158.437
157.476
154.728
150.549
145.473
140.171
135.378
131.787
129.902
129.92
131.671
134.683
138.314
141.894
144.84
146.717
147.267
146.415
144.267
141.093
137.303
133.41
129.961
127.453
126.236
126.424
127.876
130.233
133.012
135.706
137.866
139.153
139.367
138.453
136.506
133.754
130.538
127.276
124.408
122.327
121.3
121.412
122.545
124.412
126.627
128.78
130.506
131.527
131.678
130.915
129.318
127.074
124.458
121.803
119.449
117.695
116.74
116.645
117.327
118.574
120.101
121.605
122.809
123.507
123.573
122.98
121.793
120.157
118.283
116.416
114.802
113.649
113.089
113.155
113.776
114.796
116.006
117.183
118.123
118.671
118.736
118.299
117.412
116.188
114.789
113.403
112.215
111.382
111
111.096
111.619
112.453
113.442
114.42
115.231
115.754
115.919
115.707
115.157
114.353
113.416
112.483
111.69
111.149
110.929
111.046
111.465
112.101
112.843
113.568
114.166
114.549
114.668
114.512
114.114
113.539
112.878
112.233
111.702
111.361
111.256
111.395
111.746
112.246
112.811
113.354
113.791
114.062
114.13
113.99
113.665
113.205
112.674
112.147
111.691
111.363
111.195
111.193
111.336
111.58
111.87
112.143
112.343
112.427
112.372
112.173
111.85
111.439
110.987
110.546
110.166
109.884
109.722
109.681
109.744
109.877
110.036
110.175
110.251
110.232
110.098
109.848
109.495
109.064
108.594
108.122
107.685
107.314
107.025
106.821
106.692
106.615
106.56
106.494
106.389
106.22
105.977
105.657
105.271
104.839
104.387
103.943
103.533
103.178
102.886
102.659
102.486
102.35
102.227
102.093
101.925
101.706
101.427
101.087
100.695
100.265
99.8164
99.3693
98.9428
98.5514
98.203
97.898
97.6298
97.3858
97.1501
96.9059
96.6381
96.3358
95.9939
95.6136
95.2024
94.7725
94.3391
93.9183
93.5241
93.1668
92.8515
92.5769
92.3364
92.1185
91.9089
91.6927
91.4569
91.1913
90.8904
90.5539
90.1867
89.7975
89.3978
88.9999
88.6151
88.2521
87.9159
87.6068
87.3214
87.0524
86.7906
86.5263
86.2505
85.9566
85.6415
85.3058
84.9534
84.5914
84.2284
83.8734
83.5345
83.2176
82.9254
82.6573
82.4094
82.1752
81.9466
81.715
81.4726
81.2137
80.9349
80.6356
80.3181
79.9878
79.6509
79.314
78.9832
78.6633
78.357
78.0644
77.7836
77.5107
77.2407
76.9685
76.6894
76.4
76.0989
75.7867
75.4658
75.1403
74.815
74.495
74.1845
73.8866
73.6023
73.3309
73.0698
72.8147
72.5606
72.3024
72.0354
71.7564
71.4635
71.1567
70.8377
70.5098
70.1768
69.8433
69.513
69.1891
68.8733
68.5659
68.2657
67.9704
67.677
67.3821
67.0829
66.7772
66.464
66.1435
65.8171
65.4872
65.1568
64.8289
64.5061
64.1905
63.8828
63.5827
63.2886
62.9982
62.7084
62.4163
62.1191
61.8147
61.5018
61.1806
60.8518
60.5175
60.1798
59.8415
59.505
59.1721
58.8441
58.5213
58.2031
57.8883
57.5753
57.2624
56.9478
56.6305
56.3099
55.9862
55.6602
55.3334
55.0076
54.6843
54.3652
54.0514
53.7431
53.4401
53.1414
52.8455
52.5504
52.2544
51.9558
51.6533
51.3462
51.0348
50.7195
50.4016
50.0827
49.7644
49.4482
49.1354
48.8266
48.522
48.2213
47.9238
47.6284
47.334
47.0396
46.7446
46.4487
46.1523
45.856
45.5601
45.2657
44.9739
44.6858
44.4021
44.123
43.8481
43.5769
43.3083
43.041
42.7738
42.5055
42.2353
41.9627
41.6877
41.4107
41.1323
40.8536
40.5756
40.2993
40.0253
39.7543
39.4863
39.2212
38.9586
38.6976
38.4379
38.1788
37.9197
37.6605
37.4014
37.1425
36.8846
36.6282
36.3741
36.1227
35.8743
35.6291
35.3867
35.1468
34.9085
34.6711
34.4337
34.1955
33.9561
33.715
33.4723
33.2282
32.9832
32.738
32.493
32.249
32.0066
31.7659
31.5271
31.29
31.0546
30.8202
30.5866
30.3535
30.1204
29.8874
29.6546
29.4221
29.1904
28.9598
28.7308
28.5037
28.2787
28.0557
27.8347
27.6153
27.397
27.1792
26.9613
26.743
26.5238
26.3036
26.0823
25.8602
25.6376
25.4149
25.1925
24.971
24.7506
24.5316
24.3139
24.0977
23.8827
23.6687
23.4555
23.2428
23.0304
22.8184
22.6068
22.3959
22.1858
21.977
21.7696
21.564
21.3603
21.1584
20.9583
20.7598
20.5624
20.3658
20.1696
19.9734
19.7771
19.5804
19.3834
19.1862
18.9891
18.7923
18.5962
18.401
18.2072
18.0148
17.8239
17.6345
17.4465
17.2598
17.0742
16.8896
16.7058
16.5229
16.3409
16.1599
15.9801
15.8017
15.6249
15.4499
15.2768
15.1055
14.9359
14.768
14.6014
14.4358
14.271
14.1067
13.9428
13.7791
13.6156
13.4524
13.2897
13.1276
12.9665
12.8065
12.6478
12.4906
12.3349
12.1806
12.0278
11.8763
11.726
11.5767
11.4286
11.2814
11.1353
10.9904
10.8468
10.7046
10.564
10.4252
10.288
10.1526
10.0188
9.88643
9.7553
9.62515
9.49574
9.36686
9.23835
9.11011
8.98215
8.85452
8.72737
8.60086
8.47519
8.35056
8.22712
8.10499
7.98421
7.86479
7.74667
7.62977
7.514
7.39926
7.2855
7.1727
7.06088
6.95012
6.84052
6.7322
6.62529
6.51986
6.41597
6.31363
6.21275
6.11323
6.0149
5.91757
5.82107
5.72524
5.62994
5.53512
5.44079
5.34701
5.25391
5.16165
5.07041
4.98039
4.89172
4.80456
4.71896
4.63496
4.55255
4.47171
4.39237
4.31452
4.23811
4.16319
4.08979
4.01801
3.94797
3.8798
3.81361
3.74952
3.68759
3.62782
3.57019
3.5146
3.46094
3.40908
3.35888
3.31025
3.26311
3.21747
3.17338
3.13093
3.0903
3.05164
3.01516
2.98102
2.94937
2.9203
2.89386
2.87006
2.84884
2.83014
2.81387
2.79995
2.78831
2.77893
2.77178
2.76686
2.76422
2.76385
2.76578
2.76998
2.7764
2.78495
2.79549
2.80787
2.82191
2.83743
2.85425
2.87223
2.89125
2.91124
2.93214
2.95395
2.97667
3.00033
3.02494
3.05051
3.07705
3.10451
3.13286
3.16202
3.1919
3.22241
3.25347
3.28498
3.31689
3.34914
3.38168
3.41449
3.44756
3.48088
3.51443
3.54819
3.58213
3.61621
3.65038
3.68458
3.71877
3.75286
3.78682
3.8206
3.85418
3.88753
3.92065
3.95356
3.98627
4.01879
4.05116
4.08338
4.11545
4.14739
4.17919
4.21081
4.24225
4.27348
4.30448
4.33522
4.36569
4.39588
4.42579
4.45542
4.48478
4.51386
4.54268
4.57124
4.59953
4.62755
4.65528
4.68271
4.70983
4.73662
4.76306
4.78915
4.81489
4.84026
4.86529
4.88998
4.91434
4.93839
4.96214
4.9856
5.00878
5.03169
5.05432
5.07668
5.09874
5.1205
5.14196
5.16311
5.18394
5.20445
5.22463
5.24451
5.26407
5.28332
5.30227
5.32093
5.33929
5.35736
5.37514
5.39262
5.40981
5.42669
5.44326
5.45953
5.47548
5.49113
5.50648
5.52153
5.53629
5.55077
5.56497
5.5789
5.59256
5.60595
5.61907
5.63192
5.64449
5.65678
5.66879
5.68051
5.69194
5.70308
5.71392
5.72447
5.73474
5.74471
5.75441
5.76382
5.77295
5.7818
5.79038
5.79868
5.8067
5.81444
5.82191
5.82909
5.836
5.84264
5.849
5.85509
5.86092
5.86648
5.87179
5.87684
5.88164
5.88618
5.89047
5.8945
5.89827
5.90178
5.90502
5.908
5.91072
5.91317
5.91535
5.91727
5.91893
5.92034
5.92148
5.92238
5.92303
5.92343
5.92359
5.9235
5.92318
5.92261
5.92181
5.92077
5.91949
5.91799
5.91625
5.91429
5.91211
5.90971
5.90709
5.90425
5.9012
5.89795
5.89448
5.89079
5.8869
5.8828
5.87848
5.87396
5.86922
5.86427
5.85912
5.85375
5.84819
5.84242
5.83646
5.83031
5.82396
5.81742
5.81071
5.80381
5.79673
5.78947
5.78205
5.77445
5.76668
5.75875
5.75066
5.74241
5.734
5.72544
5.71673
5.70787
5.69886
5.68971
5.68041
5.67097
5.66138
5.65165
5.64178
5.63176
5.62161
5.61131
5.60088
5.59031
5.5796
5.56877
5.5578
5.54672
5.5355
5.52417
5.51272
5.50116
5.48948
5.47768
5.46578
5.45377
5.44165
5.42943
5.41711
5.40469
5.39217
5.37955
5.36684
5.35404
5.34115
5.32816
5.31509
5.30192
5.28866
5.27531
5.26187
5.24834
5.23472
5.22101
5.20721
5.19332
5.17935
5.16529
5.15115
5.13693
5.12263
5.10825
5.0938
5.07927
5.06466
5.04999
5.03524
5.02043
5.00555
4.9906
4.97559
4.96051
4.94537
4.93017
4.9149
4.89958
4.88419
4.86875
4.85324
4.83768
4.82205
4.80636
4.79062
4.77481
4.75894
4.74302
4.72703
4.71099
4.69489
4.67874
4.66253
4.64626
4.62995
4.61358
4.59717
4.5807
4.56419
4.54764
4.53104
4.51439
4.49771
4.48098
4.46422
4.44741
4.43057
4.41369
4.39678
4.37983
4.36284
4.34582
4.32877
4.31168
4.29456
4.27741
4.26022
4.243
4.22575
4.20846
4.19115
4.17381
4.15644
4.13904
4.12161
4.10417
4.08669
4.0692
4.05169
4.03415
4.0166
3.99904
3.98146
3.96386
3.94625
3.92863
3.91101
3.89337
3.87572
3.85807
3.84041
3.82274
3.80507
3.7874
3.76972
3.75204
3.73435
3.71667
3.69898
3.68129
3.6636
3.64591
3.62822
3.61053
3.59284
3.57516
3.55748
3.53981
3.52215
3.50449
3.48685
3.46921
3.45159
3.43398
3.41638
3.3988
3.38124
3.36369
3.34616
3.32864
3.31115
3.29367
3.27622
3.25879
3.24137
3.22398
3.20661
3.18927
3.17194
3.15464
3.13736
3.1201
3.10287
3.08566
3.06847
3.05131
3.03418
3.01707
2.99999
2.98293
2.96591
2.94891
2.93194
2.915
2.8981
2.88122
2.86438
2.84757
2.83079
2.81405
2.79734
2.78067
2.76403
2.74742
2.73085
2.71432
2.69782
2.68136
2.66493
2.64854
2.63218
2.61586
2.59958
2.58333
2.56711
2.55093
2.53479
2.51869
2.50262
2.48659
2.47059
2.45463
2.43871
2.42283
2.40699
2.39119
2.37543
2.3597
2.34402
2.32838
2.31278
2.29722
2.2817
2.26623
2.25079
2.2354
2.22005
2.20474
2.18948
2.17425
2.15907
2.14393
2.12884
2.11378
2.09877
2.0838
2.06888
2.05399
2.03915
2.02435
2.0096
1.99489
1.98022
1.9656
1.95102
1.93648
1.922
1.90755
1.89316
1.8788
1.8645
1.85024
1.83603
1.82187
1.80776
1.79369
1.77967
1.7657
1.75178
1.73791
1.72409
1.71031
1.69658
1.68291
1.66928
1.6557
1.64217
1.62869
1.61525
1.60187
1.58854
1.57526
1.56202
1.54884
1.53571
1.52263
1.5096
1.49662
1.48369
1.47082
1.45799
1.44522
1.43251
1.41985
1.40724
1.39468
1.38218
1.36973
1.35734
1.345
1.33272
1.32049
1.30831
1.29619
1.28413
1.27212
1.26016
1.24826
1.23642
1.22463
1.21289
1.20121
1.18958
1.17801
1.16649
1.15503
1.14363
1.13228
1.12099
1.10975
1.09857
1.08744
1.07638
1.06536
1.05441
1.04351
1.03267
1.02189
1.01116
1.00049
0.989881
0.979327
0.968829
0.958389
0.948006
0.937679
0.92741
0.917197
0.907042
0.896943
0.8869
0.876914
0.866985
0.857112
0.847296
0.837536
0.827833
0.818186
0.808597
0.799064
0.789587
0.780168
0.770806
0.761501
0.752253
0.743063
0.73393
0.724855
0.715837
0.706877
0.697974
0.689129
0.680342
0.671613
0.662941
0.654327
0.645771
0.637272
0.628831
0.620447
0.612122
0.603853
0.595643
0.58749
0.579394
0.571357
0.563377
0.555456
0.547593
0.539788
0.532042
0.524354
0.516726
0.509157
0.501648
0.494198
0.48681
0.479481
0.472214
0.465008
0.457863
0.450781
0.443761
0.436803
0.429909
0.423078
0.416311
0.409609
0.402971
0.396399
0.389893
0.383452
0.377079
0.370773
0.364535
0.358366
0.352267
0.346238
0.34028
0.334394
0.328582
0.322843
0.31718
0.311593
0.306084
0.300653
0.295303
0.290034
0.284848
0.279747
0.274731
0.269804
0.264965
0.260217
0.255562
0.251002
0.246537
0.242171
0.237905
0.233742
0.229682
0.225729
0.221884
0.218149
0.214527
0.21102
0.207629
0.204358
0.201209
0.198183
0.195282
0.192509
0.189866
0.187355
0.184977
0.182734
0.180627
0.178657
0.176827
0.175135
0.173583
0.172172
0.1709
0.169767
0.168773
0.167917
0.167197
0.166612
0.166159
0.165836
0.165641
0.16557
0.16562
0.165789
0.166072
0.166466
0.166966
0.16757
0.168272
0.169068
0.169955
0.170929
0.171984
0.173117
0.174324
0.175601
0.176943
0.178347
0.179809
0.181326
0.182893
0.184508
0.186166
0.187865
0.189601
0.191372
0.193174
0.195005
0.196863
0.198744
0.200646
0.202567
0.204504
0.206456
0.208421
0.210396
0.21238
0.214372
0.216369
0.21837
0.220374
0.222379
0.224384
0.226388
0.228389
0.230388
0.232382
0.23437
0.236352
0.238327
0.240295
0.242253
0.244203
0.246142
0.24807
0.249988
0.251893
0.253786
0.255666
0.257533
0.259386
0.261224
0.263048
0.264857
0.266651
0.268428
0.27019
0.271936
0.273665
0.275376
0.277071
0.278749
0.280409
0.282051
0.283676
0.285282
0.286871
0.28844
0.289992
0.291525
0.293039
0.294535
0.296011
0.297469
0.298908
0.300328
0.301729
0.30311
0.304473
0.305816
0.30714
0.308444
0.30973
0.310996
0.312242
0.31347
0.314678
0.315866
0.317036
0.318186
0.319317
0.320428
0.321521
0.322594
0.323648
0.324683
0.325699
0.326696
0.327674
0.328633
0.329573
0.330494
0.331397
0.33228
0.333146
0.333992
0.33482
0.33563
0.336421
0.337193
0.337948
0.338684
0.339402
0.340103
0.340785
0.341449
0.342095
0.342724
0.343335
0.343928
0.344504
0.345062
0.345603
0.346127
0.346634
0.347123
0.347596
0.348052
0.348491
0.348913
0.349319
0.349708
0.35008
0.350437
0.350777
0.351101
0.351409
0.351701
0.351978
0.352238
0.352483
0.352713
0.352927
0.353126
0.353309
0.353477
0.353631
0.353769
0.353893
0.354002
0.354097
0.354177
0.354242
0.354293
0.354331
0.354354
0.354363
0.354358
0.35434
0.354308
0.354262
0.354204
0.354131
0.354046
0.353948
0.353836
0.353712
0.353575
0.353426
0.353263
0.353089
0.352902
0.352703
0.352492
0.352268
0.352033
0.351786
0.351527
0.351257
0.350975
0.350682
0.350378
0.350062
0.349736
0.349398
0.34905
0.348691
0.348321
0.34794
0.34755
0.347148
0.346737
0.346316
0.345884
0.345443
0.344991
0.34453
0.34406
0.343579
0.34309
0.342591
0.342083
0.341565
0.341039
0.340504
0.339959
0.339406
0.338845
0.338274
0.337696
0.337109
0.336513
0.335909
0.335298
0.334678
0.33405
0.333414
0.332771
0.33212
0.331461
0.330795
0.330121
0.329441
0.328752
0.328057
0.327355
0.326645
0.325929
0.325206
0.324476
0.32374
0.322997
0.322247
0.321491
0.320729
0.319961
0.319186
0.318405
0.317618
0.316826
0.316027
0.315223
0.314412
0.313597
0.312775
0.311949
0.311116
0.310279
0.309436
0.308588
0.307735
0.306877
0.306014
0.305146
0.304274
0.303396
0.302514
0.301627
0.300736
0.299841
0.298941
0.298036
0.297128
0.296215
0.295298
0.294377
0.293452
0.292524
0.291591
0.290655
0.289715
0.288771
0.287824
0.286873
0.285919
0.284961
0.284001
0.283037
0.282069
0.281099
0.280126
0.279149
0.27817
0.277188
0.276203
0.275215
0.274225
0.273232
0.272237
0.271239
0.270239
0.269236
0.268231
0.267224
0.266215
0.265203
0.26419
0.263174
0.262157
0.261138
0.260117
0.259094
0.258069
0.257043
0.256015
0.254986
0.253955
0.252922
0.251889
0.250854
0.249817
0.24878
0.247741
0.246701
0.245661
0.244619
0.243576
0.242532
0.241488
0.240443
0.239397
0.23835
0.237302
0.236254
0.235206
0.234157
0.233107
0.232058
0.231007
0.229957
0.228906
0.227855
0.226804
0.225752
0.224701
0.22365
0.222598
0.221547
0.220495
0.219444
0.218393
0.217342
0.216292
0.215241
0.214192
0.213142
0.212093
0.211044
0.209996
0.208948
0.207901
0.206855
0.205809
0.204764
0.20372
0.202676
0.201633
0.200591
0.19955
0.19851
0.197471
0.196432
0.195395
0.194359
0.193323
0.192289
0.191256
0.190224
0.189194
0.188164
0.187136
0.186109
0.185084
0.18406
0.183037
0.182015
0.180995
0.179977
0.17896
0.177944
0.17693
0.175918
0.174907
0.173898
0.17289
0.171884
0.17088
0.169878
0.168877
0.167878
0.166881
0.165886
0.164893
0.163901
0.162912
0.161924
0.160938
0.159954
0.158973
0.157993
0.157015
0.15604
0.155066
0.154095
0.153125
0.152158
0.151193
0.15023
0.149269
0.148311
0.147355
0.146401
0.145449
0.1445
0.143553
0.142608
0.141666
0.140726
0.139789
0.138854
0.137921
0.136991
0.136063
0.135138
0.134215
0.133295
0.132377
0.131462
0.13055
0.12964
0.128732
0.127827
0.126925
0.126026
0.125129
0.124235
0.123343
0.122454
0.121568
0.120685
0.119805
0.118927
0.118052
0.117179
0.11631
0.115443
0.11458
0.113719
0.11286
0.112005
0.111153
0.110303
0.109457
0.108613
0.107772
0.106934
0.1061
0.105268
0.104439
0.103613
0.10279
0.10197
0.101153
0.100338
0.0995275
0.0987195
0.0979146
0.0971127
0.0963139
0.0955181
0.0947254
0.0939358
0.0931493
0.0923659
0.0915856
0.0908084
0.0900343
0.0892634
0.0884955
0.0877309
0.0869693
0.0862109
0.0854557
0.0847037
0.0839548
0.0832091
0.0824665
0.0817272
0.0809911
0.0802581
0.0795284
0.0788018
0.0780785
0.0773584
0.0766415
0.0759279
0.0752175
0.0745103
0.0738063
0.0731056
0.0724082
0.0717139
0.071023
0.0703353
0.0696509
0.0689697
0.0682918
0.0676171
0.0669458
0.0662777
0.0656129
0.0649514
0.0642931
0.0636382
0.0629865
0.0623381
0.061693
0.0610512
0.0604127
0.0597775
0.0591456
0.0585171
0.0578918
0.0572698
0.0566511
0.0560358
0.0554237
0.054815
0.0542096
0.0536075
0.0530087
0.0524133
0.0518212
0.0512324
0.050647
0.0500648
0.049486
0.0489106
0.0483385
0.0477697
0.0472043
0.0466423
0.0460835
0.0455282
0.0449762
0.0444275
0.0438822
0.0433403
0.0428018
0.0422666
0.0417348
0.0412064
0.0406814
0.0401598
0.0396416
0.0391268
0.0386153
0.0381074
0.0376028
0.0371016
0.0366039
0.0361096
0.0356188
0.0351314
0.0346475
0.0341671
0.0336902
0.0332167
0.0327468
0.0322803
0.0318174
0.031358
0.0309022
0.0304499
0.0300013
0.0295562
0.0291147
0.0286768
0.0282426
0.0278121
0.0273852
0.0269621
0.0265426
0.0261269
0.025715
0.0253069
0.0249025
0.0245021
0.0241055
0.0237128
0.0233241
0.0229394
0.0225586
0.0221819
0.0218093
0.0214409
0.0210766
0.0207165
0.0203607
0.0200093
0.0196622
0.0193195
0.0189814
0.0186478
0.0183188
0.0179945
0.017675
0.0173603
0.0170505
0.0167457
0.016446
0.0161514
0.0158622
0.0155782
0.0152998
0.0150269
0.0147596
0.0144981
0.0142426
0.013993
0.0137496
0.0135124
0.0132816
0.0130573
0.0128396
0.0126288
0.0124248
0.0122278
0.012038
0.0118555
0.0116804
0.0115128
0.0113529
0.0112007
0.0110564
0.01092
0.0107917
0.0106714
0.0105594
0.0104555
0.0103599
0.0102726
0.0101935
0.0101226
0.01006
0.0100055
0.00995905
0.0099206
0.00989003
0.00986719
0.00985195
0.00984415
0.00984361
0.00985013
0.00986353
0.00988359
0.00991008
0.00994277
0.00998143
0.0100258
0.0100757
0.0101308
0.0101909
0.0102558
0.0103251
0.0103987
0.0104763
0.0105577
0.0106427
0.010731
0.0108225
0.0109168
0.0110138
0.0111134
0.0112153
0.0113193
0.0114253
0.0115331
0.0116425
0.0117534
0.0118657
0.0119792
0.0120937
0.0122092
0.0123255
0.0124425
0.0125601
0.0126782
0.0127967
0.0129155
0.0130346
0.0131537
0.013273
0.0133922
0.0135113
0.0136302
0.013749
0.0138675
0.0139856
0.0141033
0.0142206
0.0143374
0.0144537
0.0145694
0.0146845
0.014799
0.0149127
0.0150258
0.0151381
0.0152496
0.0153603
0.0154701
0.0155791
0.0156872
0.0157944
0.0159007
0.016006
0.0161104
0.0162137
0.0163161
0.0164175
0.0165178
0.0166171
0.0167154
0.0168126
0.0169087
0.0170037
0.0170976
0.0171905
0.0172822
0.0173728
0.0174623
0.0175507
0.0176379
0.017724
0.017809
0.0178928
0.0179755
0.018057
0.0181374
0.0182166
0.0182947
0.0183716
0.0184474
0.018522
0.0185955
0.0186678
0.0187389
0.0188089
0.0188777
0.0189454
0.0190119
0.0190773
0.0191415
0.0192046
0.0192665
0.0193273
0.019387
0.0194455
0.0195029
0.0195592
0.0196143
0.0196683
0.0197212
0.019773
0.0198237
0.0198732
0.0199217
0.0199691
0.0200153
0.0200605
0.0201046
0.0201476
0.0201896
0.0202304
0.0202702
0.020309
0.0203467
0.0203833
0.0204189
0.0204534
0.020487
0.0205195
0.0205509
0.0205814
0.0206108
0.0206392
0.0206666
0.0206931
0.0207185
0.020743
0.0207664
0.020789
0.0208105
0.0208311
0.0208507
0.0208694
0.0208871
0.0209039
0.0209198
0.0209347
0.0209487
0.0209618
0.020974
0.0209853
0.0209957
0.0210053
0.0210139
0.0210217
0.0210286
0.0210346
0.0210398
0.0210441
0.0210476
0.0210502
0.021052
0.021053
0.0210532
0.0210525
0.021051
0.0210488
0.0210457
0.0210419
0.0210373
0.0210319
0.0210257
0.0210188
0.0210111
0.0210026
0.0209934
0.0209835
0.0209729
0.0209615
0.0209494
0.0209365
0.020923
0.0209088
0.0208938
0.0208782
0.0208619
0.0208449
0.0208273
0.020809
0.02079
0.0207703
0.02075
0.0207291
0.0207076
0.0206854
0.0206625
0.0206391
0.020615
0.0205904
0.0205651
0.0205393
0.0205128
0.0204858
0.0204582
0.02043
0.0204013
0.0203719
0.0203421
0.0203117
0.0202807
0.0202492
0.0202172
0.0201846
0.0201515
0.0201179
0.0200838
0.0200492
0.0200141
0.0199785
0.0199424
0.0199058
0.0198687
0.0198312
0.0197932
0.0197547
0.0197158
0.0196764
0.0196366
0.0195963
0.0195556
0.0195145
0.0194729
0.019431
0.0193886
0.0193458
0.0193025
0.0192589
0.0192149
0.0191705
0.0191257
0.0190806
0.019035
0.0189891
0.0189428
0.0188962
0.0188492
0.0188018
0.0187541
0.018706
0.0186577
0.0186089
0.0185599
0.0185105
0.0184608
0.0184108
0.0183605
0.0183099
0.018259
0.0182078
0.0181563
0.0181045
0.0180524
0.018
0.0179474
0.0178945
0.0178413
0.0177879
0.0177342
0.0176803
0.0176261
0.0175717
0.017517
0.0174621
0.0174069
0.0173516
0.017296
0.0172402
0.0171841
0.0171279
0.0170715
0.0170148
0.016958
0.0169009
0.0168437
0.0167863
0.0167287
0.0166709
0.0166129
0.0165548
0.0164965
0.016438
0.0163794
0.0163206
0.0162617
0.0162026
0.0161433
0.016084
0.0160244
0.0159648
0.015905
0.0158451
0.015785
0.0157249
0.0156646
0.0156042
0.0155437
0.0154831
0.0154224
0.0153616
0.0153006
0.0152396
0.0151785
0.0151173
0.0150561
0.0149947
0.0149333
0.0148717
0.0148102
0.0147485
0.0146868
0.014625
0.0145632
0.0145012
0.0144393
0.0143773
0.0143152
0.0142531
0.014191
0.0141288
0.0140666
0.0140043
0.013942
0.0138797
0.0138174
0.013755
0.0136926
0.0136302
0.0135678
0.0135054
0.0134429
0.0133805
0.013318
0.0132556
0.0131931
0.0131307
0.0130682
0.0130058
0.0129434
0.0128809
0.0128185
0.0127562
0.0126938
0.0126315
0.0125692
0.0125069
0.0124446
0.0123824
0.0123202
0.012258
0.0121959
0.0121338
0.0120718
0.0120098
0.0119479
0.011886
0.0118241
0.0117623
0.0117006
0.0116389
0.0115773
0.0115157
0.0114543
0.0113928
0.0113315
0.0112702
0.0112089
0.0111478
0.0110867
0.0110257
0.0109648
0.0109039
0.0108432
0.0107825
0.0107219
0.0106614
0.010601
0.0105407
0.0104804
0.0104203
0.0103603
0.0103003
0.0102405
0.0101807
0.0101211
0.0100615
0.0100021
0.00994277
0.00988354
0.00982443
0.00976543
0.00970654
0.00964776
0.0095891
0.00953056
0.00947214
0.00941383
0.00935565
0.00929758
0.00923964
0.00918183
0.00912414
0.00906658
0.00900915
0.00895185
0.00889468
0.00883764
0.00878073
0.00872397
0.00866733
0.00861084
0.00855448
0.00849826
0.00844218
0.00838625
0.00833046
0.00827481
0.00821931
0.00816395
0.00810874
0.00805368
0.00799877
0.00794401
0.0078894
0.00783494
0.00778063
0.00772648
0.00767248
0.00761864
0.00756496
0.00751143
0.00745807
0.00740486
0.00735181
0.00729893
0.0072462
0.00719364
0.00714124
0.00708901
0.00703694
0.00698504
0.0069333
0.00688174
0.00683034
0.0067791
0.00672804
0.00667715
0.00662643
0.00657588
0.00652551
0.0064753
0.00642527
0.00637542
0.00632574
0.00627623
0.0062269
0.00617775
0.00612877
0.00607998
0.00603136
0.00598292
0.00593466
0.00588657
0.00583867
0.00579095
0.00574341
0.00569605
0.00564888
0.00560189
0.00555508
0.00550845
0.00546201
0.00541575
0.00536968
0.00532379
0.00527809
0.00523258
0.00518725
0.00514211
0.00509715
0.00505239
0.00500781
0.00496342
0.00491921
0.0048752
0.00483138
0.00478774
0.0047443
0.00470104
0.00465797
0.0046151
0.00457242
0.00452992
0.00448762
0.00444551
0.00440359
0.00436187
0.00432034
0.004279
0.00423785
0.00419689
0.00415613
0.00411556
0.00407519
0.00403501
0.00399502
0.00395523
0.00391563
0.00387622
0.00383702
0.003798
0.00375918
0.00372056
0.00368213
0.0036439
0.00360586
0.00356801
0.00353037
0.00349292
0.00345566
0.00341861
0.00338175
0.00334508
0.00330862
0.00327235
0.00323627
0.0032004
0.00316472
0.00312924
0.00309395
0.00305887
0.00302398
0.00298929
0.0029548
0.00292051
0.00288641
0.00285252
0.00281882
0.00278532
0.00275203
0.00271893
0.00268603
0.00265333
0.00262083
0.00258853
0.00255643
0.00252454
0.00249284
0.00246135
0.00243005
0.00239896
0.00236807
0.00233739
0.0023069
0.00227662
0.00224655
0.00221667
0.002187
0.00215754
0.00212828
0.00209923
0.00207038
0.00204174
0.00201331
0.00198508
0.00195706
0.00192925
0.00190165
0.00187426
0.00184709
0.00182012
0.00179337
0.00176683
0.00174051
0.0017144
0.00168851
0.00166283
0.00163737
0.00161214
0.00158712
0.00156233
0.00153776
0.00151342
0.0014893
0.00146541
0.00144175
0.00141833
0.00139514
0.00137218
0.00134946
0.00132698
0.00130475
0.00128275
0.00126101
0.00123952
0.00121828
0.00119729
0.00117657
0.00115611
0.00113591
0.00111598
0.00109632
0.00107695
0.00105785
0.00103904
0.00102052
0.00100229
0.000984368
0.000966747
0.000949436
0.000932442
0.000915769
0.000899425
0.000883416
0.000867747
0.000852427
0.00083746
0.000822853
0.000808616
0.000794754
0.000781275
0.000768189
0.000755502
0.000743221
0.000731355
0.000719911
0.000708898
0.000698321
0.00068819
0.000678509
0.000669287
0.00066053
0.000652244
0.000644433
0.000637103
0.000630257
0.000623897
0.000618026
0.000612645
0.000607756
0.000603356
0.000599445
0.00059602
0.000593076
0.000590609
0.000588612
0.000587079
0.000586
0.000585368
0.00058517
0.000585399
0.000586039
0.000587079
0.000588508
0.00059031
0.000592473
0.000594982
0.000597823
0.000600981
0.000604443
0.000608192
0.000612213
0.000616495
0.000621019
0.000625773
0.000630744
0.000635919
0.000641285
0.000646828
0.000652537
0.0006584
0.000664405
0.000670543
0.000676801
0.00068317
0.000689639
0.000696201
0.000702846
0.000709566
0.000716352
0.000723197
0.000730094
0.000737036
0.000744016
0.000751028
0.000758065
0.000765123
0.000772196
0.000779278
0.000786367
0.000793455
0.000800539
0.000807617
0.000814683
0.000821733
0.000828765
0.000835775
0.000842759
0.000849716
0.000856642
0.000863534
0.000870391
0.00087721
0.000883989
0.000890725
0.000897418
0.000904065
0.000910664
0.000917215
0.000923714
0.000930161
0.000936555
0.000942894
0.000949177
0.000955402
0.000961569
0.000967677
0.000973725
0.000979713
0.000985639
0.000991503
0.000997304
0.00100304
0.00100871
0.00101432
0.00101987
0.00102534
0.00103076
0.0010361
0.00104138
0.00104659
0.00105173
0.00105681
0.00106182
0.00106676
0.00107163
0.00107643
0.00108116
0.00108583
0.00109043
0.00109496
0.00109942
0.00110381
0.00110813
0.00111239
0.00111657
0.00112069
0.00112473
0.00112871
0.00113263
0.00113647
0.00114024
0.00114395
0.00114759
0.00115116
0.00115466
0.0011581
0.00116147
0.00116477
0.00116801
0.00117117
0.00117428
0.00117731
0.00118028
0.00118319
0.00118603
0.0011888
0.00119151
0.00119416
0.00119674
0.00119925
0.00120171
0.0012041
0.00120642
0.00120869
0.00121089
0.00121303
0.0012151
0.00121712
0.00121907
0.00122096
0.0012228
0.00122457
0.00122628
0.00122793
0.00122952
0.00123106
0.00123254
0.00123395
0.00123531
0.00123661
0.00123786
0.00123905
0.00124018
0.00124125
0.00124227
0.00124324
0.00124414
0.001245
0.0012458
0.00124655
0.00124724
0.00124788
0.00124846
0.001249
0.00124948
0.00124991
0.00125029
0.00125061
0.00125089
0.00125112
0.00125129
0.00125142
0.0012515
0.00125153
0.00125151
0.00125144
0.00125132
0.00125116
0.00125095
0.00125069
0.00125039
0.00125004
0.00124965
0.00124921
0.00124872
0.00124819
0.00124762
0.00124701
0.00124635
0.00124564
0.0012449
0.00124411
0.00124328
0.00124241
0.0012415
0.00124055
0.00123955
0.00123852
0.00123745
0.00123633
0.00123518
0.00123399
0.00123276
0.00123149
0.00123018
0.00122884
0.00122746
0.00122604
0.00122459
0.0012231
0.00122158
0.00122002
0.00121843
0.0012168
0.00121514
0.00121344
0.00121171
0.00120995
0.00120816
0.00120633
0.00120447
0.00120258
0.00120065
0.0011987
0.00119671
0.0011947
0.00119265
0.00119057
0.00118847
0.00118633
0.00118417
0.00118198
0.00117975
0.00117751
0.00117523
0.00117293
0.00117059
0.00116824
0.00116585
0.00116344
0.00116101
0.00115855
0.00115606
0.00115355
0.00115101
0.00114845
0.00114587
0.00114326
0.00114063
0.00113797
0.0011353
0.0011326
0.00112987
0.00112713
0.00112436
0.00112158
0.00111877
0.00111594
0.00111309
0.00111022
0.00110734
0.00110443
0.0011015
0.00109855
0.00109559
0.0010926
0.0010896
0.00108658
0.00108354
0.00108049
0.00107741
0.00107432
0.00107122
0.00106809
0.00106495
0.0010618
0.00105863
0.00105544
0.00105224
0.00104903
0.0010458
0.00104255
0.00103929
0.00103602
0.00103273
0.00102943
0.00102612
0.0010228
0.00101946
0.00101611
0.00101274
0.00100937
0.00100598
0.00100258
0.000999175
0.000995755
0.000992324
0.000988883
0.000985431
0.000981969
0.000978498
0.000975018
0.000971526
0.000968025
0.000964516
0.000960998
0.000957471
0.000953937
0.000950394
0.000946843
0.000943284
0.000939719
0.000936146
0.000932566
0.000928979
0.000925384
0.000921782
0.000918176
0.000914563
0.000910944
0.000907319
0.000903689
0.000900053
0.000896413
0.000892768
0.000889118
0.000885463
0.000881804
0.000878141
0.000874472
0.000870801
0.000867127
0.000863448
0.000859767
0.000856083
0.000852394
0.000848703
0.00084501
0.000841314
0.000837617
0.000833917
0.000830215
0.000826511
0.000822805
0.000819098
0.00081539
0.000811681
0.000807971
0.000804259
0.000800548
0.000796836
0.000793124
0.000789411
0.000785698
0.000781986
0.000778274
0.000774562
0.000770851
0.00076714
0.00076343
0.00075972
0.000756013
0.000752307
0.000748601
0.000744899
0.000741196
0.000737496
0.000733798
0.000730102
0.000726408
0.000722715
0.000719026
0.000715341
0.000711657
0.000707977
0.000704299
0.000700624
0.000696953
0.000693284
0.00068962
0.000685959
0.000682302
0.000678649
0.000674999
0.000671353
0.000667712
0.000664075
0.000660442
0.000656813
0.00065319
0.000649571
0.000645957
0.000642348
0.000638744
0.000635145
0.00063155
0.000627961
0.000624379
0.000620802
0.00061723
0.000613664
0.000610104
0.00060655
0.000603003
0.000599461
0.000595925
0.000592395
0.000588871
0.000585354
0.000581844
0.00057834
0.000574843
0.000571353
0.000567871
0.000564394
0.000560926
0.000557464
0.000554011
0.000550563
0.000547124
0.00054369
0.000540265
0.000536849
0.00053344
0.000530038
0.000526643
0.000523257
0.00051988
0.000516511
0.00051315
0.000509796
0.000506451
0.000503113
0.000499785
0.000496465
0.000493154
0.00048985
0.000486557
0.000483271
0.000479994
0.000476727
0.000473468
0.000470218
0.000466978
0.000463746
0.000460523
0.00045731
0.000454106
0.000450911
0.000447725
0.000444549
0.000441383
0.000438225
0.000435077
0.000431939
0.000428811
0.000425692
0.000422584
0.000419484
0.000416395
0.000413316
0.000410246
0.000407188
0.000404139
0.000401099
0.000398069
0.000395051
0.000392042
0.000389044
0.000386056
0.000383078
0.00038011
0.000377152
0.000374206
0.000371269
0.000368344
0.000365429
0.000362524
0.000359629
0.000356745
0.000353871
0.000351008
0.000348156
0.000345315
0.000342486
0.000339666
0.000336858
0.00033406
0.000331273
0.000328497
0.000325732
0.000322977
0.000320235
0.000317502
0.000314781
0.000312071
0.000309372
0.000306683
0.000304007
0.000301342
0.000298687
0.000296044
0.000293413
0.000290793
0.000288183
0.000285584
0.000282996
0.00028042
0.000277854
0.000275301
0.00027276
0.000270229
0.000267711
0.000265203
0.000262706
0.000260222
0.000257749
0.000255287
0.000252837
0.000250398
0.00024797
0.000245553
0.00024315
0.000240756
0.000238374
0.000236003
0.000233644
0.000231296
0.000228962
0.000226638
0.000224325
0.000222026
0.000219736
0.000217458
0.000215193
0.000212938
0.000210695
0.000208464
0.000206245
0.000204037
0.000201842
0.000199657
0.000197484
0.000195323
0.000193173
0.000191037
0.000188913
0.000186799
0.000184696
0.000182606
0.000180527
0.000178462
0.000176407
0.000174363
0.000172332
0.000170313
0.000168305
0.000166308
0.000164324
0.00016235
0.00016039
0.000158443
0.000156507
0.000154582
0.000152669
0.000150767
0.000148878
0.000147002
0.000145138
0.000143286
0.000141443
0.000139614
0.000137798
0.000135994
0.000134201
0.00013242
0.000130651
0.000128895
0.000127151
0.00012542
0.0001237
0.000121994
0.000120299
0.000118616
0.000116945
0.000115287
0.000113643
0.00011201
0.000110389
0.000108782
0.000107187
0.000105603
0.000104034
0.000102478
0.000100933
9.94014e-05
9.78832e-05
9.63782e-05
9.48863e-05
9.3408e-05
9.1943e-05
9.0491e-05
8.90516e-05
8.76287e-05
8.6217e-05
8.48186e-05
8.34337e-05
8.20637e-05
8.07067e-05
7.93648e-05
7.80398e-05
7.67285e-05
7.54298e-05
7.41464e-05
7.28794e-05
7.16263e-05
7.03876e-05
6.91642e-05
6.79572e-05
6.67669e-05
6.55933e-05
6.44356e-05
6.32921e-05
6.21668e-05
6.10598e-05
5.99707e-05
5.88985e-05
5.78435e-05
5.68075e-05
5.579e-05
5.47923e-05
5.38147e-05
5.28558e-05
5.19173e-05
5.0999e-05
5.01015e-05
4.92268e-05
4.83718e-05
4.7538e-05
4.67269e-05
4.59403e-05
4.51767e-05
4.44377e-05
4.37225e-05
4.30325e-05
4.23676e-05
4.17299e-05
4.1118e-05
4.05315e-05
3.99723e-05
3.94414e-05
3.89376e-05
3.84619e-05
3.80151e-05
3.75985e-05
3.72108e-05
3.68513e-05
3.652e-05
3.6219e-05
3.59466e-05
3.57026e-05
3.54864e-05
3.52986e-05
3.51414e-05
3.50129e-05
3.49107e-05
3.48364e-05
3.479e-05
3.47691e-05
3.47722e-05
3.48006e-05
3.48539e-05
3.49297e-05
3.50278e-05
3.51481e-05
3.52892e-05
3.54509e-05
3.56322e-05
3.58303e-05
3.6047e-05
3.62797e-05
3.6528e-05
3.67916e-05
3.70702e-05
3.73606e-05
3.76629e-05
3.79764e-05
3.83018e-05
3.86367e-05
3.89819e-05
3.93354e-05
3.96963e-05
4.00646e-05
4.04403e-05
4.08229e-05
4.12112e-05
4.16049e-05
4.20018e-05
4.24044e-05
4.28095e-05
4.32171e-05
4.3628e-05
4.40422e-05
4.44575e-05
4.48753e-05
4.52945e-05
4.57148e-05
4.61342e-05
4.65546e-05
4.69759e-05
4.7397e-05
4.7818e-05
4.82374e-05
4.86567e-05
4.90744e-05
4.94919e-05
4.99075e-05
5.03207e-05
5.07326e-05
5.11434e-05
5.15521e-05
5.19581e-05
5.23629e-05
5.2763e-05
5.31601e-05
5.35556e-05
5.3948e-05
5.43392e-05
5.47271e-05
5.51103e-05
5.54911e-05
5.58698e-05
5.62443e-05
5.66155e-05
5.69833e-05
5.7348e-05
5.77081e-05
5.80646e-05
5.84166e-05
5.87657e-05
5.91101e-05
5.94517e-05
5.97928e-05
6.01272e-05
6.04573e-05
6.07837e-05
6.11069e-05
6.14255e-05
6.17414e-05
6.20521e-05
6.23609e-05
6.26628e-05
6.29606e-05
6.32569e-05
6.35482e-05
6.38358e-05
6.41173e-05
6.43958e-05
6.46692e-05
6.49405e-05
6.5207e-05
6.54692e-05
6.57265e-05
6.59811e-05
6.62317e-05
6.64785e-05
6.67212e-05
6.69582e-05
6.71918e-05
6.74211e-05
6.76458e-05
6.78689e-05
6.80871e-05
6.83e-05
6.85101e-05
6.87151e-05
6.89165e-05
6.91128e-05
6.93066e-05
6.94966e-05
6.96816e-05
6.9864e-05
7.00413e-05
7.02139e-05
7.0383e-05
7.05498e-05
7.07144e-05
7.08738e-05
7.10283e-05
7.11791e-05
7.13253e-05
7.147e-05
7.16079e-05
7.17426e-05
7.18757e-05
7.20037e-05
7.21269e-05
7.225e-05
7.23668e-05
7.24813e-05
7.25917e-05
7.26983e-05
7.28019e-05
7.29007e-05
7.29972e-05
7.30891e-05
7.31773e-05
7.32624e-05
7.33448e-05
7.34234e-05
7.34985e-05
7.35709e-05
7.36402e-05
7.37052e-05
7.37684e-05
7.38263e-05
7.38799e-05
7.39306e-05
7.39797e-05
7.40256e-05
7.40679e-05
7.41069e-05
7.41416e-05
7.4173e-05
7.42049e-05
7.42312e-05
7.42575e-05
7.42767e-05
7.42934e-05
7.43093e-05
7.43224e-05
7.43315e-05
7.43351e-05
7.43361e-05
7.43382e-05
7.43357e-05
7.43294e-05
7.432e-05
7.43071e-05
7.42927e-05
7.42782e-05
7.42591e-05
7.42366e-05
7.42115e-05
7.41835e-05
7.41513e-05
7.41168e-05
7.4081e-05
7.40433e-05
7.40027e-05
7.39607e-05
7.39137e-05
7.38662e-05
7.3816e-05
7.37641e-05
7.37103e-05
7.36489e-05
7.35874e-05
7.35239e-05
7.34582e-05
7.33896e-05
7.33206e-05
7.32492e-05
7.31758e-05
7.31007e-05
7.30204e-05
7.29394e-05
7.28559e-05
7.27696e-05
7.26824e-05
7.25926e-05
7.25014e-05
7.24062e-05
7.23099e-05
7.22112e-05
7.21098e-05
7.20087e-05
7.19084e-05
7.18015e-05
7.16936e-05
7.15839e-05
7.14715e-05
7.13577e-05
7.12436e-05
7.11264e-05
7.10077e-05
7.08866e-05
7.07643e-05
7.06386e-05
7.05124e-05
7.03852e-05
7.0255e-05
7.01237e-05
6.99914e-05
6.98587e-05
6.97228e-05
6.9584e-05
6.94416e-05
6.93009e-05
6.91589e-05
6.90162e-05
6.88704e-05
6.87251e-05
6.8577e-05
6.84242e-05
6.8272e-05
6.81207e-05
6.79659e-05
6.78112e-05
6.76523e-05
6.7495e-05
6.73366e-05
6.71761e-05
6.70137e-05
6.68484e-05
6.66831e-05
6.65186e-05
6.63529e-05
6.61844e-05
6.60142e-05
6.58427e-05
6.5668e-05
6.5494e-05
6.53202e-05
6.51466e-05
6.49701e-05
6.4794e-05
6.46141e-05
6.44329e-05
6.42513e-05
6.40688e-05
6.38847e-05
6.37017e-05
6.35173e-05
6.33308e-05
6.31436e-05
6.29563e-05
6.27687e-05
6.25793e-05
6.23893e-05
6.21971e-05
6.20048e-05
6.18147e-05
6.16182e-05
6.14205e-05
6.12261e-05
6.10304e-05
6.08362e-05
6.06389e-05
6.04399e-05
6.0239e-05
6.00377e-05
5.98383e-05
5.96373e-05
5.94356e-05
5.92339e-05
5.90278e-05
5.88238e-05
5.86223e-05
5.84159e-05
5.82096e-05
5.80022e-05
5.77944e-05
5.75883e-05
5.73834e-05
5.71739e-05
5.6963e-05
5.67519e-05
5.65419e-05
5.63311e-05
5.61218e-05
5.59091e-05
5.56966e-05
5.5484e-05
5.52726e-05
5.50589e-05
5.4847e-05
5.46325e-05
5.44181e-05
5.42037e-05
5.39892e-05
5.37738e-05
5.35577e-05
5.33418e-05
5.31255e-05
5.29083e-05
5.26909e-05
5.24738e-05
5.22568e-05
5.20393e-05
5.18209e-05
5.16044e-05
5.13877e-05
5.11696e-05
5.09507e-05
5.07311e-05
5.05111e-05
5.02889e-05
5.00691e-05
4.98521e-05
4.96355e-05
4.94177e-05
4.91967e-05
4.89754e-05
4.87531e-05
4.8533e-05
4.83125e-05
4.80928e-05
4.78725e-05
4.76533e-05
4.74341e-05
4.72157e-05
4.69959e-05
4.67735e-05
4.65525e-05
4.63333e-05
4.61118e-05
4.58913e-05
4.56707e-05
4.54514e-05
4.52329e-05
4.50118e-05
4.47887e-05
4.45688e-05
4.43501e-05
4.41315e-05
4.39127e-05
4.36925e-05
4.34729e-05
4.32549e-05
4.30341e-05
4.28153e-05
4.25971e-05
4.2379e-05
4.21611e-05
4.19414e-05
4.17232e-05
4.15056e-05
4.12894e-05
4.10715e-05
4.08524e-05
4.06347e-05
4.04169e-05
4.01996e-05
3.99849e-05
3.9769e-05
3.95534e-05
3.93357e-05
3.9118e-05
3.89047e-05
3.86919e-05
3.84771e-05
3.82619e-05
3.80481e-05
3.78347e-05
3.76235e-05
3.74099e-05
3.71987e-05
3.69841e-05
3.67695e-05
3.65555e-05
3.63428e-05
3.61343e-05
3.59245e-05
3.5715e-05
3.55059e-05
3.52965e-05
3.5087e-05
3.48766e-05
3.46672e-05
3.4461e-05
3.42555e-05
3.40478e-05
3.38387e-05
3.36301e-05
3.34238e-05
3.32167e-05
3.30118e-05
3.2809e-05
3.26057e-05
3.24021e-05
3.22008e-05
3.1995e-05
3.17925e-05
3.15917e-05
3.13897e-05
3.1187e-05
3.09852e-05
3.07867e-05
3.05892e-05
3.03898e-05
3.01919e-05
2.99913e-05
2.97926e-05
2.95944e-05
2.93994e-05
2.92028e-05
2.90076e-05
2.8814e-05
2.86184e-05
2.84233e-05
2.82283e-05
2.80326e-05
2.78411e-05
2.76501e-05
2.74578e-05
2.72688e-05
2.70803e-05
2.68907e-05
2.67008e-05
2.65119e-05
2.63231e-05
2.61335e-05
2.5947e-05
2.57614e-05
2.55743e-05
2.53873e-05
2.52026e-05
2.50182e-05
2.48346e-05
2.46531e-05
2.44731e-05
2.42934e-05
2.41126e-05
2.39308e-05
2.37478e-05
2.35659e-05
2.33883e-05
2.32112e-05
2.30322e-05
2.28551e-05
2.26779e-05
2.25022e-05
2.23275e-05
2.21531e-05
2.19791e-05
2.18057e-05
2.16324e-05
2.14597e-05
2.12904e-05
2.11232e-05
2.09547e-05
2.07841e-05
2.06114e-05
2.04407e-05
2.02721e-05
2.01051e-05
1.99386e-05
1.97718e-05
1.96089e-05
1.94449e-05
1.92804e-05
1.912e-05
1.89579e-05
1.87956e-05
1.86339e-05
1.84731e-05
1.83138e-05
1.81547e-05
1.79951e-05
1.78388e-05
1.76815e-05
1.75234e-05
1.7368e-05
1.72107e-05
1.70568e-05
1.69042e-05
1.67508e-05
1.65979e-05
1.64446e-05
1.62935e-05
1.6144e-05
1.59934e-05
1.58442e-05
1.56961e-05
1.55483e-05
1.54014e-05
1.52567e-05
1.51108e-05
1.49657e-05
1.48218e-05
1.46768e-05
1.45325e-05
1.43889e-05
1.42488e-05
1.41099e-05
1.39713e-05
1.38303e-05
1.36903e-05
1.35519e-05
1.34153e-05
1.3278e-05
1.31394e-05
1.30035e-05
1.28692e-05
1.27352e-05
1.26024e-05
1.24714e-05
1.23397e-05
1.22053e-05
1.20735e-05
1.19431e-05
1.18144e-05
1.16864e-05
1.15582e-05
1.14315e-05
1.13067e-05
1.11822e-05
1.1057e-05
1.09327e-05
1.08053e-05
1.06787e-05
1.05572e-05
1.04362e-05
1.03149e-05
1.01945e-05
1.00749e-05
9.95833e-06
