1.07267e+06
2.26037e+06
3.29462e+06
4.54188e+06
5.84084e+06
6.94713e+06
8.07313e+06
9.16479e+06
1.02422e+07
1.12865e+07
1.2345e+07
1.34435e+07
1.45166e+07
1.55691e+07
1.6627e+07
1.7663e+07
1.8762e+07
1.98725e+07
2.11268e+07
2.26944e+07
2.4239e+07
2.57855e+07
2.73444e+07
2.84093e+07
2.94243e+07
3.04779e+07
3.14827e+07
3.26387e+07
3.37306e+07
3.49389e+07
3.59578e+07
3.69785e+07
3.79914e+07
3.90407e+07
4.0109e+07
4.1147e+07
4.21532e+07
4.3182e+07
4.4199e+07
4.52521e+07
4.62919e+07
4.73777e+07
4.83928e+07
4.94112e+07
5.0467e+07
5.14883e+07
5.25257e+07
5.35955e+07
5.46405e+07
5.56526e+07
5.67104e+07
5.77581e+07
5.88031e+07
5.98426e+07
6.08726e+07
6.18866e+07
6.29337e+07
6.39542e+07
6.49906e+07
6.59986e+07
6.70332e+07
6.80478e+07
6.90398e+07
7.0595e+07
7.17168e+07
7.28392e+07
7.38468e+07
7.4878e+07
7.58745e+07
7.6879e+07
7.79046e+07
7.89157e+07
7.99942e+07
8.10104e+07
8.20433e+07
8.31028e+07
8.41122e+07
8.5125e+07
8.6108e+07
8.71247e+07
8.819e+07
8.91655e+07
9.01892e+07
9.12125e+07
9.22197e+07
9.32954e+07
9.43335e+07
9.53456e+07
9.63805e+07
9.74092e+07
9.84744e+07
9.94944e+07
1.0053e+08
1.01536e+08
1.02909e+08
1.04156e+08
1.0542e+08
1.06442e+08
1.07428e+08
1.08458e+08
1.09459e+08
1.10557e+08
1.11603e+08
1.12646e+08
1.13681e+08
1.14712e+08
1.15815e+08
1.16799e+08
1.17933e+08
1.1895e+08
1.20006e+08
1.21012e+08
1.22075e+08
1.2311e+08
1.24155e+08
1.25175e+08
1.26198e+08
1.27231e+08
1.28262e+08
1.29271e+08
1.3032e+08
1.31343e+08
1.32341e+08
1.33375e+08
1.34386e+08
1.35463e+08
1.36485e+08
1.37538e+08
1.38547e+08
1.39545e+08
1.4058e+08
1.41561e+08
1.42565e+08
1.43566e+08
1.44564e+08
1.45596e+08
1.46613e+08
1.47639e+08
1.48667e+08
1.49691e+08
1.5076e+08
1.51765e+08
1.52798e+08
1.53806e+08
1.54861e+08
1.55884e+08
1.56921e+08
1.57934e+08
1.58961e+08
1.59979e+08
1.60988e+08
1.62065e+08
1.63143e+08
1.64133e+08
1.65152e+08
1.66144e+08
1.67227e+08
1.68705e+08
1.69946e+08
1.71002e+08
1.71991e+08
1.73001e+08
1.74038e+08
1.7509e+08
1.76122e+08
1.77143e+08
1.78193e+08
1.79201e+08
1.80209e+08
1.81238e+08
1.82259e+08
1.83332e+08
1.84386e+08
1.85415e+08
1.86413e+08
1.87406e+08
1.88418e+08
1.89436e+08
1.90434e+08
1.91448e+08
1.92462e+08
1.93479e+08
1.94483e+08
1.95564e+08
1.96606e+08
1.97649e+08
1.98671e+08
1.99677e+08
2.01166e+08
2.02286e+08
2.03495e+08
2.04495e+08
2.05487e+08
2.06482e+08
2.07455e+08
2.08452e+08
2.09433e+08
2.10438e+08
2.11437e+08
2.12437e+08
2.13424e+08
2.14433e+08
2.15428e+08
2.16412e+08
2.174e+08
2.18434e+08
2.19404e+08
2.20409e+08
2.21383e+08
2.2241e+08
2.23427e+08
2.24439e+08
2.25469e+08
2.26549e+08
2.27551e+08
2.2857e+08
2.29546e+08
2.30583e+08
2.31599e+08
2.32581e+08
2.33601e+08
2.34875e+08
2.36129e+08
2.37337e+08
2.38383e+08
2.39392e+08
2.40389e+08
2.41381e+08
2.42387e+08
2.43406e+08
2.44386e+08
2.45393e+08
2.46411e+08
2.47402e+08
2.48433e+08
2.49427e+08
2.50465e+08
2.51459e+08
2.52447e+08
2.53433e+08
2.54448e+08
2.55471e+08
2.56453e+08
2.57424e+08
2.58443e+08
2.59478e+08
2.60512e+08
2.61482e+08
2.62459e+08
2.63453e+08
2.6444e+08
2.65476e+08
2.66489e+08
2.67498e+08
2.6849e+08
2.69487e+08
2.70489e+08
2.71528e+08
2.72517e+08
2.7353e+08
2.74528e+08
2.75554e+08
2.76531e+08
2.77535e+08
2.78556e+08
2.79714e+08
2.80723e+08
2.81758e+08
2.82776e+08
2.83805e+08
2.84823e+08
2.85818e+08
2.86804e+08
2.87815e+08
2.88813e+08
2.89839e+08
2.90854e+08
2.92414e+08
2.93502e+08
2.94633e+08
2.95678e+08
2.9667e+08
2.9771e+08
2.98761e+08
2.99777e+08
3.00789e+08
3.01817e+08
3.02827e+08
3.0384e+08
3.04828e+08
3.05862e+08
3.0687e+08
3.07898e+08
3.08882e+08
3.09901e+08
3.10877e+08
3.1188e+08
3.12896e+08
3.13959e+08
3.15036e+08
3.16028e+08
3.17e+08
3.18016e+08
3.19019e+08
3.20018e+08
3.21062e+08
3.22121e+08
3.2313e+08
3.24148e+08
3.25148e+08
3.2621e+08
3.27208e+08
3.28229e+08
3.29238e+08
3.30276e+08
3.3125e+08
3.32311e+08
3.33314e+08
3.34305e+08
3.35362e+08
3.36349e+08
3.37332e+08
3.38378e+08
3.39379e+08
3.40396e+08
3.41389e+08
3.42375e+08
3.43375e+08
3.44453e+08
3.4552e+08
3.46538e+08
3.47579e+08
3.48591e+08
3.49613e+08
3.50608e+08
3.51597e+08
3.52602e+08
3.53619e+08
3.54711e+08
3.55763e+08
3.56778e+08
3.57751e+08
3.58757e+08
3.59776e+08
3.60773e+08
3.61745e+08
3.62744e+08
3.63737e+08
3.64747e+08
3.65752e+08
3.66776e+08
3.67783e+08
3.68829e+08
3.70272e+08
3.71323e+08
3.72528e+08
3.73594e+08
3.74641e+08
3.75633e+08
3.76632e+08
3.77643e+08
3.78665e+08
3.79656e+08
3.80639e+08
3.81654e+08
3.8264e+08
3.83647e+08
3.84684e+08
3.8568e+08
3.86654e+08
3.87634e+08
3.88634e+08
3.89654e+08
3.90647e+08
3.91706e+08
3.92703e+08
3.9374e+08
3.94743e+08
3.95758e+08
3.96749e+08
3.97743e+08
3.98761e+08
3.99819e+08
4.00861e+08
4.01869e+08
4.02859e+08
4.0393e+08
4.0493e+08
4.05957e+08
4.06966e+08
4.07966e+08
4.08945e+08
4.09956e+08
4.10967e+08
4.11966e+08
4.1294e+08
4.13946e+08
4.14922e+08
4.15937e+08
4.16957e+08
4.18012e+08
4.19022e+08
4.20051e+08
4.21029e+08
4.22024e+08
4.23004e+08
4.24014e+08
4.25002e+08
4.25999e+08
4.26998e+08
4.28001e+08
4.29037e+08
4.30068e+08
4.31073e+08
4.32104e+08
4.33117e+08
4.34198e+08
4.35317e+08
4.36335e+08
4.3733e+08
4.38343e+08
4.39365e+08
4.40453e+08
4.41462e+08
4.42689e+08
4.44057e+08
4.45224e+08
4.46245e+08
4.47218e+08
4.48266e+08
4.49256e+08
4.50301e+08
4.51343e+08
4.52336e+08
4.5332e+08
4.54318e+08
4.55344e+08
4.56346e+08
4.57333e+08
4.58333e+08
4.59324e+08
4.60302e+08
4.61286e+08
4.62314e+08
4.63309e+08
4.64334e+08
4.65326e+08
4.66325e+08
4.67301e+08
4.68324e+08
4.69348e+08
4.70376e+08
4.71364e+08
4.72357e+08
4.73361e+08
4.74379e+08
4.75604e+08
4.76937e+08
4.78109e+08
4.79127e+08
4.80139e+08
4.81135e+08
4.8215e+08
4.83185e+08
4.84187e+08
4.85213e+08
4.86202e+08
4.87191e+08
4.88174e+08
4.89194e+08
4.90243e+08
4.91238e+08
4.92216e+08
4.93229e+08
4.94251e+08
4.95242e+08
4.96223e+08
4.972e+08
4.98191e+08
4.99199e+08
5.00201e+08
5.01228e+08
5.02204e+08
5.03197e+08
5.04214e+08
5.05214e+08
5.06236e+08
5.07245e+08
5.08229e+08
5.09224e+08
5.10274e+08
5.1126e+08
5.12252e+08
5.1326e+08
5.14279e+08
5.15309e+08
5.16372e+08
5.17366e+08
5.18366e+08
5.19365e+08
5.20377e+08
5.21419e+08
5.22446e+08
5.23468e+08
5.24516e+08
5.25533e+08
5.26515e+08
5.27528e+08
5.2852e+08
5.29536e+08
5.30795e+08
5.32088e+08
5.33273e+08
5.34297e+08
5.35306e+08
5.36372e+08
5.37372e+08
5.38401e+08
5.39421e+08
5.40436e+08
5.41443e+08
5.42462e+08
5.4353e+08
5.44607e+08
5.45607e+08
5.46606e+08
5.4759e+08
5.48596e+08
5.49604e+08
5.50608e+08
5.51641e+08
5.52642e+08
5.53666e+08
5.54693e+08
5.55674e+08
5.56678e+08
5.57672e+08
5.58672e+08
5.59658e+08
5.60696e+08
5.61696e+08
5.62674e+08
5.64099e+08
5.6545e+08
5.667e+08
5.67826e+08
5.68977e+08
5.70182e+08
5.71466e+08
5.72662e+08
5.7365e+08
5.74879e+08
5.75931e+08
5.76993e+08
5.78035e+08
5.79105e+08
5.80112e+08
5.812e+08
5.82238e+08
5.83221e+08
5.84402e+08
5.85524e+08
5.86555e+08
5.87587e+08
5.88614e+08
5.89608e+08
5.90625e+08
5.91641e+08
5.92651e+08
5.93672e+08
5.94672e+08
5.95657e+08
5.96983e+08
5.98159e+08
5.99387e+08
6.00398e+08
6.01401e+08
6.02382e+08
6.0338e+08
6.04365e+08
6.05411e+08
6.06511e+08
6.08257e+08
6.09759e+08
6.10857e+08
6.12114e+08
6.13166e+08
6.14192e+08
6.15199e+08
6.1632e+08
6.17336e+08
6.18391e+08
6.19441e+08
6.20451e+08
6.21453e+08
6.22453e+08
6.2347e+08
6.24457e+08
6.25543e+08
6.26667e+08
6.27867e+08
6.28868e+08
6.29924e+08
6.30906e+08
6.31923e+08
6.32908e+08
6.33951e+08
6.34999e+08
6.36007e+08
6.36985e+08
6.37994e+08
6.38986e+08
6.39992e+08
6.41006e+08
6.42009e+08
6.43094e+08
6.44113e+08
6.45209e+08
6.46244e+08
6.47216e+08
6.48365e+08
6.49394e+08
6.50409e+08
6.514e+08
6.52405e+08
6.5345e+08
6.54449e+08
6.55447e+08
6.56455e+08
6.57455e+08
6.5853e+08
6.59527e+08
6.6055e+08
6.61537e+08
6.62548e+08
6.6352e+08
6.64526e+08
6.65495e+08
6.66499e+08
6.67558e+08
6.68693e+08
6.70072e+08
6.71246e+08
6.72461e+08
6.73447e+08
6.74451e+08
6.75483e+08
6.76461e+08
6.77451e+08
6.78454e+08
6.79458e+08
6.80528e+08
6.81532e+08
6.82531e+08
6.83538e+08
6.84846e+08
6.85935e+08
6.86941e+08
6.87974e+08
6.8902e+08
6.90182e+08
6.91184e+08
6.92196e+08
6.93173e+08
6.94147e+08
6.95156e+08
6.96154e+08
6.97155e+08
6.98141e+08
6.99129e+08
7.00157e+08
7.01161e+08
7.02177e+08
7.03659e+08
7.04836e+08
7.05868e+08
7.06872e+08
7.07876e+08
7.08859e+08
7.09856e+08
7.10999e+08
7.11989e+08
7.13052e+08
7.14048e+08
7.15054e+08
7.16037e+08
7.17031e+08
7.18021e+08
7.18997e+08
7.19999e+08
7.20969e+08
7.22017e+08
7.22983e+08
7.23995e+08
7.25059e+08
7.26044e+08
7.2701e+08
7.27984e+08
7.29014e+08
7.30013e+08
7.3112e+08
7.32125e+08
7.33151e+08
7.3415e+08
7.35163e+08
7.36167e+08
7.37159e+08
7.38156e+08
7.39138e+08
7.40142e+08
7.41109e+08
7.42093e+08
7.43092e+08
7.44084e+08
7.45599e+08
7.46775e+08
7.47778e+08
7.48751e+08
7.49738e+08
7.50729e+08
7.51858e+08
7.52919e+08
7.5394e+08
7.5496e+08
7.56005e+08
7.56985e+08
7.58005e+08
7.59011e+08
7.60012e+08
7.61031e+08
7.62038e+08
7.63021e+08
7.64005e+08
7.65011e+08
7.65999e+08
7.66972e+08
7.68013e+08
7.69012e+08
7.70046e+08
7.71076e+08
7.72206e+08
7.73201e+08
7.74199e+08
7.75261e+08
7.76287e+08
7.77384e+08
7.78825e+08
7.80024e+08
7.81049e+08
7.82072e+08
7.83065e+08
7.84063e+08
7.85076e+08
7.86049e+08
7.87047e+08
7.88025e+08
7.89022e+08
7.90002e+08
7.90997e+08
7.91979e+08
7.93101e+08
7.9411e+08
7.95096e+08
7.96099e+08
7.97104e+08
7.98089e+08
7.99074e+08
8.00105e+08
8.01125e+08
8.02123e+08
8.03112e+08
8.04099e+08
8.05077e+08
8.06059e+08
8.07048e+08
8.08108e+08
8.09152e+08
8.10144e+08
8.11129e+08
8.12111e+08
8.13224e+08
8.14241e+08
8.15258e+08
8.16274e+08
8.17262e+08
8.18232e+08
8.19252e+08
8.2027e+08
8.21259e+08
8.22228e+08
8.23252e+08
8.2428e+08
8.25266e+08
8.26254e+08
8.27262e+08
8.28249e+08
8.29253e+08
8.3025e+08
8.31274e+08
8.32407e+08
8.33908e+08
8.35205e+08
8.36179e+08
8.3719e+08
8.38214e+08
8.39227e+08
8.40203e+08
8.41185e+08
8.42166e+08
8.43131e+08
8.44143e+08
8.45137e+08
8.46133e+08
8.47104e+08
8.48071e+08
8.49048e+08
8.50106e+08
8.51134e+08
8.52127e+08
8.53089e+08
8.54237e+08
8.55242e+08
8.5627e+08
8.57255e+08
8.58246e+08
8.59255e+08
8.60254e+08
8.61277e+08
8.62262e+08
8.63268e+08
8.64315e+08
8.65322e+08
8.66372e+08
8.67438e+08
8.68437e+08
8.69451e+08
8.70453e+08
8.71433e+08
8.72435e+08
8.73464e+08
8.74575e+08
8.75612e+08
8.7662e+08
8.77606e+08
8.78633e+08
8.79653e+08
8.80687e+08
8.81686e+08
8.82691e+08
8.83688e+08
8.84682e+08
8.85661e+08
8.86667e+08
8.87634e+08
8.88623e+08
8.89625e+08
8.90686e+08
8.91666e+08
8.92677e+08
8.93772e+08
8.94916e+08
8.9642e+08
8.97478e+08
8.98629e+08
8.99611e+08
9.00618e+08
9.01616e+08
9.02644e+08
9.03665e+08
9.04667e+08
9.0565e+08
9.06709e+08
9.07705e+08
9.08716e+08
9.09748e+08
9.10767e+08
9.11749e+08
9.12764e+08
9.13763e+08
9.14823e+08
9.15982e+08
9.16978e+08
9.1801e+08
9.19e+08
9.20003e+08
9.21026e+08
9.22056e+08
9.23056e+08
9.24084e+08
9.25143e+08
9.262e+08
9.27262e+08
9.28239e+08
9.29261e+08
9.30237e+08
9.31261e+08
9.32242e+08
9.33265e+08
9.34258e+08
9.35261e+08
9.36386e+08
9.37398e+08
9.38406e+08
9.39463e+08
9.4048e+08
9.41497e+08
9.42509e+08
9.43491e+08
9.44513e+08
9.45528e+08
9.46518e+08
9.47511e+08
9.48496e+08
9.49527e+08
9.50521e+08
9.51536e+08
9.52542e+08
9.53542e+08
9.54585e+08
9.55556e+08
9.56632e+08
9.57628e+08
9.58641e+08
9.59702e+08
9.60668e+08
9.61691e+08
9.62679e+08
9.63686e+08
9.64689e+08
9.65674e+08
9.66705e+08
9.67716e+08
9.68742e+08
9.70154e+08
9.71246e+08
9.72448e+08
9.73449e+08
9.74471e+08
9.75457e+08
9.76465e+08
9.77562e+08
9.78571e+08
9.79567e+08
9.80587e+08
9.8159e+08
9.82753e+08
9.83767e+08
9.84835e+08
9.8581e+08
9.86816e+08
9.87805e+08
9.8884e+08
9.89842e+08
9.90821e+08
9.9179e+08
9.92768e+08
9.93746e+08
9.94828e+08
9.95831e+08
9.96852e+08
9.9795e+08
9.9898e+08
1.00003e+09
1.00102e+09
1.00203e+09
1.00362e+09
1.00482e+09
1.00584e+09
1.00682e+09
1.0078e+09
1.00882e+09
1.00984e+09
1.01083e+09
1.01184e+09
1.01285e+09
1.01389e+09
1.01492e+09
1.01592e+09
1.01691e+09
1.01789e+09
1.01906e+09
1.02012e+09
1.02109e+09
1.02207e+09
1.02309e+09
1.02412e+09
1.02513e+09
1.02613e+09
1.02712e+09
1.02813e+09
1.02913e+09
1.03018e+09
1.03119e+09
1.03221e+09
1.03325e+09
1.03432e+09
1.03536e+09
1.03635e+09
1.03738e+09
1.03842e+09
1.03955e+09
1.04065e+09
1.04166e+09
1.04267e+09
1.04367e+09
1.04468e+09
1.04566e+09
1.04667e+09
1.04769e+09
1.04874e+09
1.04983e+09
1.05083e+09
1.05184e+09
1.05286e+09
1.05384e+09
1.05484e+09
1.05585e+09
1.05683e+09
1.05782e+09
1.05879e+09
1.0599e+09
1.0609e+09
1.06187e+09
1.06288e+09
1.06392e+09
1.0649e+09
1.06589e+09
1.06687e+09
1.06786e+09
1.06935e+09
1.07041e+09
1.0716e+09
1.0726e+09
1.07362e+09
1.07461e+09
1.07566e+09
1.07665e+09
1.07771e+09
1.07873e+09
1.07976e+09
1.08084e+09
1.08184e+09
1.08283e+09
1.0838e+09
1.08483e+09
1.08582e+09
1.08681e+09
1.0878e+09
1.08877e+09
1.08978e+09
1.09079e+09
1.09176e+09
1.09274e+09
1.09372e+09
1.09471e+09
1.0957e+09
1.09669e+09
1.0977e+09
1.09873e+09
1.09974e+09
1.10086e+09
1.10242e+09
1.10348e+09
1.10464e+09
1.10563e+09
1.10665e+09
1.10765e+09
1.10864e+09
1.10961e+09
1.11061e+09
1.1116e+09
1.11258e+09
1.11356e+09
1.11458e+09
1.11561e+09
1.1166e+09
1.11759e+09
1.11857e+09
1.11958e+09
1.12061e+09
1.12171e+09
1.12271e+09
1.12369e+09
1.12468e+09
1.1257e+09
1.12673e+09
1.12772e+09
1.12871e+09
1.12971e+09
1.1307e+09
1.13169e+09
1.13271e+09
1.13368e+09
1.13471e+09
1.13574e+09
1.13675e+09
1.13772e+09
1.13871e+09
1.1402e+09
1.1413e+09
1.14263e+09
1.14364e+09
1.14463e+09
1.14569e+09
1.1467e+09
1.14769e+09
1.14873e+09
1.14973e+09
1.15072e+09
1.15172e+09
1.15283e+09
1.15379e+09
1.1548e+09
1.15578e+09
1.15676e+09
1.15775e+09
1.15874e+09
1.15978e+09
1.16077e+09
1.16177e+09
1.16291e+09
1.16399e+09
1.16498e+09
1.16601e+09
1.16706e+09
1.16807e+09
1.16909e+09
1.17015e+09
1.17113e+09
1.17214e+09
1.17311e+09
1.17411e+09
1.17512e+09
1.17612e+09
1.17709e+09
1.17814e+09
1.17913e+09
1.18013e+09
1.18113e+09
1.18214e+09
1.18324e+09
1.18423e+09
1.18527e+09
1.18634e+09
1.18732e+09
1.18833e+09
1.18933e+09
1.19033e+09
1.19133e+09
1.19232e+09
1.19332e+09
1.19434e+09
1.19532e+09
1.19632e+09
1.19745e+09
1.19889e+09
1.20013e+09
1.2011e+09
1.20209e+09
1.20308e+09
1.20422e+09
1.2053e+09
1.20635e+09
1.20736e+09
1.20835e+09
1.20934e+09
1.21033e+09
1.21133e+09
1.21236e+09
1.21336e+09
1.21443e+09
1.21543e+09
1.21642e+09
1.2174e+09
1.21839e+09
1.21936e+09
1.22038e+09
1.22141e+09
1.2224e+09
1.22338e+09
1.22448e+09
1.22552e+09
1.22652e+09
1.22752e+09
1.22853e+09
1.2295e+09
1.23053e+09
1.23154e+09
1.23253e+09
1.23356e+09
1.23457e+09
1.23559e+09
1.23659e+09
1.23758e+09
1.23858e+09
1.23956e+09
1.24059e+09
1.24156e+09
1.24256e+09
1.24357e+09
1.24466e+09
1.24564e+09
1.24665e+09
1.24765e+09
1.24862e+09
1.24961e+09
1.25063e+09
1.2516e+09
1.25259e+09
1.25363e+09
1.25461e+09
1.25567e+09
1.25665e+09
1.25763e+09
1.2586e+09
1.2596e+09
1.2606e+09
1.26158e+09
1.2626e+09
1.26364e+09
1.26476e+09
1.26578e+09
1.26681e+09
1.26781e+09
1.26878e+09
1.27023e+09
1.27138e+09
1.27255e+09
1.27359e+09
1.27458e+09
1.27562e+09
1.27661e+09
1.27758e+09
1.27856e+09
1.27955e+09
1.28055e+09
1.28158e+09
1.28255e+09
1.28353e+09
1.28452e+09
1.28568e+09
1.28672e+09
1.28775e+09
1.28878e+09
1.28978e+09
1.29078e+09
1.29186e+09
1.29283e+09
1.2938e+09
1.29477e+09
1.29576e+09
1.29675e+09
1.29774e+09
1.29873e+09
1.29977e+09
1.30085e+09
1.30183e+09
1.3028e+09
1.3038e+09
1.30485e+09
1.30597e+09
1.30696e+09
1.30794e+09
1.30897e+09
1.30998e+09
1.31097e+09
1.31196e+09
1.31295e+09
1.31394e+09
1.31493e+09
1.31593e+09
1.31695e+09
1.31793e+09
1.31893e+09
1.31997e+09
1.32098e+09
1.32206e+09
1.32305e+09
1.3241e+09
1.32512e+09
1.32623e+09
1.32724e+09
1.32825e+09
1.32921e+09
1.33021e+09
1.3312e+09
1.33219e+09
1.33315e+09
1.33418e+09
1.33519e+09
1.3362e+09
1.3372e+09
1.33818e+09
1.33917e+09
1.34017e+09
1.34117e+09
1.34218e+09
1.34317e+09
1.34416e+09
1.34518e+09
1.34629e+09
1.34733e+09
1.34845e+09
1.34984e+09
1.351e+09
1.35201e+09
1.35301e+09
1.35398e+09
1.35503e+09
1.35601e+09
1.35702e+09
1.35799e+09
1.359e+09
1.36e+09
1.36098e+09
1.36197e+09
1.36296e+09
1.36394e+09
1.36494e+09
1.36592e+09
1.36707e+09
1.36808e+09
1.36907e+09
1.37014e+09
1.37116e+09
1.37215e+09
1.3732e+09
1.37418e+09
1.37514e+09
1.37613e+09
1.37711e+09
1.37809e+09
1.3791e+09
1.38008e+09
1.38109e+09
1.38265e+09
1.38385e+09
1.3849e+09
1.38588e+09
1.38685e+09
1.38797e+09
1.38899e+09
1.39e+09
1.39103e+09
1.39205e+09
1.39308e+09
1.39409e+09
1.39507e+09
1.39613e+09
1.39712e+09
1.39811e+09
1.39907e+09
1.40012e+09
1.40109e+09
1.40215e+09
1.40315e+09
1.40418e+09
1.40517e+09
1.40616e+09
1.40718e+09
1.40834e+09
1.40934e+09
1.41041e+09
1.41141e+09
1.41244e+09
1.41342e+09
1.41457e+09
1.41592e+09
1.41711e+09
1.41814e+09
1.41917e+09
1.4202e+09
1.42121e+09
1.42221e+09
1.4232e+09
1.42419e+09
1.42517e+09
1.42615e+09
1.42712e+09
1.42821e+09
1.42931e+09
1.43033e+09
1.43135e+09
1.43237e+09
1.43334e+09
1.43434e+09
1.43531e+09
1.4363e+09
1.43728e+09
1.43827e+09
1.43926e+09
1.44026e+09
1.44128e+09
1.44228e+09
1.44326e+09
1.44425e+09
1.44527e+09
1.44625e+09
1.44733e+09
1.4488e+09
1.45007e+09
1.4511e+09
1.45206e+09
1.45308e+09
1.4541e+09
1.45514e+09
1.45613e+09
1.45714e+09
1.45815e+09
1.45912e+09
1.46016e+09
1.46114e+09
1.46212e+09
1.46312e+09
1.46411e+09
1.46511e+09
1.46614e+09
1.46713e+09
1.46812e+09
1.46917e+09
1.47027e+09
1.47131e+09
1.4723e+09
1.47335e+09
1.47434e+09
1.47533e+09
1.47633e+09
1.47735e+09
1.47841e+09
1.47941e+09
1.48041e+09
1.48149e+09
1.48247e+09
1.48347e+09
1.48444e+09
1.48546e+09
1.48648e+09
1.48748e+09
1.48846e+09
1.48943e+09
1.49054e+09
1.49153e+09
1.49254e+09
1.49352e+09
1.49453e+09
1.49558e+09
1.49658e+09
1.49761e+09
1.4986e+09
1.49965e+09
1.50066e+09
1.50212e+09
1.50324e+09
1.50445e+09
1.50549e+09
1.50648e+09
1.50746e+09
1.50853e+09
1.50952e+09
1.51054e+09
1.51165e+09
1.51271e+09
1.51379e+09
1.51486e+09
1.51584e+09
1.51682e+09
1.51785e+09
1.51883e+09
1.51984e+09
1.52083e+09
1.52181e+09
1.52281e+09
1.5238e+09
1.5248e+09
1.52581e+09
1.52678e+09
1.52779e+09
1.52877e+09
1.52976e+09
1.53072e+09
1.53183e+09
1.53284e+09
1.53386e+09
1.53489e+09
1.53591e+09
1.53694e+09
1.53794e+09
1.53893e+09
1.53995e+09
1.54094e+09
1.54191e+09
1.54289e+09
1.54387e+09
1.54491e+09
1.54588e+09
1.5469e+09
1.5479e+09
1.54891e+09
1.54992e+09
1.55093e+09
1.55208e+09
1.55318e+09
1.55421e+09
1.55521e+09
1.5562e+09
1.55726e+09
1.55825e+09
1.5593e+09
1.5603e+09
1.56127e+09
1.56229e+09
1.56327e+09
1.56429e+09
1.56527e+09
1.5663e+09
1.56734e+09
1.56834e+09
1.56947e+09
1.5709e+09
1.57212e+09
1.57327e+09
1.57428e+09
1.57529e+09
1.57626e+09
1.57726e+09
1.57826e+09
1.57925e+09
1.58029e+09
1.58126e+09
1.58225e+09
1.58331e+09
1.58431e+09
1.58532e+09
1.5863e+09
1.58732e+09
1.58833e+09
1.58936e+09
1.59036e+09
1.59136e+09
1.59237e+09
1.59347e+09
1.59449e+09
1.59551e+09
1.5965e+09
1.59751e+09
1.5985e+09
1.59952e+09
1.60054e+09
1.60152e+09
1.60277e+09
1.60401e+09
1.60523e+09
1.60625e+09
1.60722e+09
1.60829e+09
1.6093e+09
1.61032e+09
1.61131e+09
1.61229e+09
1.61333e+09
1.61446e+09
1.61546e+09
1.61647e+09
1.61746e+09
1.61845e+09
1.61949e+09
1.62049e+09
1.62151e+09
1.6225e+09
1.62355e+09
1.62453e+09
1.6255e+09
1.6265e+09
1.6275e+09
1.62855e+09
1.62954e+09
1.63057e+09
1.63155e+09
1.63255e+09
1.63355e+09
1.63471e+09
1.6357e+09
1.63669e+09
1.63767e+09
1.63871e+09
1.6397e+09
1.64068e+09
1.64168e+09
1.64266e+09
1.64364e+09
1.64467e+09
1.64565e+09
1.64665e+09
1.64762e+09
1.64863e+09
1.64963e+09
1.65097e+09
1.65217e+09
1.65335e+09
1.65436e+09
1.65547e+09
1.65652e+09
1.65754e+09
1.65856e+09
1.65954e+09
1.66056e+09
1.66156e+09
1.66255e+09
1.66361e+09
1.66461e+09
1.6656e+09
1.6666e+09
1.66756e+09
1.66857e+09
1.6696e+09
1.6706e+09
1.67159e+09
1.67257e+09
1.67359e+09
1.67456e+09
1.67566e+09
1.67668e+09
1.67767e+09
1.67869e+09
1.67968e+09
1.68074e+09
1.68173e+09
1.68273e+09
1.6842e+09
1.68535e+09
1.68655e+09
1.68755e+09
1.68857e+09
1.68957e+09
1.69057e+09
1.69162e+09
1.69263e+09
1.69362e+09
1.69462e+09
1.69567e+09
1.69682e+09
1.69783e+09
1.69883e+09
1.69985e+09
1.70085e+09
1.70183e+09
1.70281e+09
1.70381e+09
1.70484e+09
1.70585e+09
1.70683e+09
1.70781e+09
1.7088e+09
1.70984e+09
1.71082e+09
1.71181e+09
1.71278e+09
1.71383e+09
1.71487e+09
1.71592e+09
1.71751e+09
1.71863e+09
1.71973e+09
1.72074e+09
1.72173e+09
1.72278e+09
1.72383e+09
1.72479e+09
1.72578e+09
1.72675e+09
1.72772e+09
1.72872e+09
1.72976e+09
1.73076e+09
1.73174e+09
1.73272e+09
1.73371e+09
1.73473e+09
1.73577e+09
1.73675e+09
1.73788e+09
1.73893e+09
1.73994e+09
1.74092e+09
1.74197e+09
1.74297e+09
1.74396e+09
1.74494e+09
1.74592e+09
1.74698e+09
1.748e+09
1.74902e+09
1.75057e+09
1.75164e+09
1.75272e+09
1.75371e+09
1.7547e+09
1.75572e+09
1.75672e+09
1.75769e+09
1.75877e+09
1.75981e+09
1.76085e+09
1.76184e+09
1.76289e+09
1.76386e+09
1.76491e+09
1.76591e+09
1.76692e+09
1.76789e+09
1.76889e+09
1.76988e+09
1.77089e+09
1.77187e+09
1.77285e+09
1.7739e+09
1.77494e+09
1.77592e+09
1.77689e+09
1.77789e+09
1.779e+09
1.78005e+09
1.78108e+09
1.78207e+09
1.78308e+09
1.78406e+09
1.78561e+09
1.78681e+09
1.78784e+09
1.78886e+09
1.78984e+09
1.79092e+09
1.79192e+09
1.79295e+09
1.79393e+09
1.79493e+09
1.79591e+09
1.79689e+09
1.79793e+09
1.79896e+09
1.80006e+09
1.80106e+09
1.80205e+09
1.80304e+09
1.80402e+09
1.80501e+09
1.80607e+09
1.80707e+09
1.80806e+09
1.80908e+09
1.81008e+09
1.81107e+09
1.8121e+09
1.81311e+09
1.81416e+09
1.81526e+09
1.81628e+09
1.81729e+09
1.81829e+09
1.81932e+09
1.82041e+09
1.82145e+09
1.82243e+09
1.82341e+09
1.82441e+09
1.82542e+09
1.8264e+09
1.8274e+09
1.82838e+09
1.8294e+09
1.83038e+09
1.83138e+09
1.83236e+09
1.83337e+09
1.83436e+09
1.83541e+09
1.8364e+09
1.83736e+09
1.83835e+09
1.83936e+09
1.84048e+09
1.84148e+09
1.8425e+09
1.8435e+09
1.8445e+09
1.84546e+09
1.84647e+09
1.84746e+09
1.84845e+09
1.84945e+09
1.85043e+09
1.85141e+09
1.85241e+09
1.85339e+09
1.85438e+09
1.85538e+09
1.85639e+09
1.85747e+09
1.85844e+09
1.85945e+09
1.86057e+09
1.86156e+09
1.86259e+09
1.86355e+09
1.86456e+09
1.86557e+09
1.86655e+09
1.86754e+09
1.86857e+09
1.86983e+09
1.8711e+09
1.87232e+09
1.87333e+09
1.87434e+09
1.87536e+09
1.87639e+09
1.87738e+09
1.8784e+09
1.87941e+09
1.88045e+09
1.88158e+09
1.88273e+09
1.88378e+09
1.8848e+09
1.88581e+09
1.88683e+09
1.88782e+09
1.88886e+09
1.88986e+09
1.89086e+09
1.89186e+09
1.89288e+09
1.89389e+09
1.89491e+09
1.89591e+09
1.89719e+09
1.89819e+09
1.89921e+09
1.90026e+09
1.9013e+09
1.90259e+09
1.90401e+09
1.90549e+09
1.90648e+09
1.9075e+09
1.90851e+09
1.90952e+09
1.91052e+09
1.91155e+09
1.91256e+09
1.91361e+09
1.91467e+09
1.91569e+09
1.91667e+09
1.91771e+09
1.9187e+09
1.91976e+09
1.92078e+09
1.92178e+09
1.92279e+09
1.92392e+09
1.92493e+09
1.92594e+09
1.92695e+09
1.92795e+09
1.92893e+09
1.92995e+09
1.93095e+09
1.93196e+09
1.93298e+09
1.93402e+09
1.93502e+09
1.93602e+09
1.93753e+09
1.93879e+09
1.93981e+09
1.94079e+09
1.9418e+09
1.94279e+09
1.94381e+09
1.94493e+09
1.94599e+09
1.94708e+09
1.94809e+09
1.94908e+09
1.95016e+09
1.95116e+09
1.95216e+09
1.95314e+09
1.95413e+09
1.95514e+09
1.95613e+09
1.95709e+09
1.95811e+09
1.95913e+09
1.96014e+09
1.96113e+09
1.96213e+09
1.96312e+09
1.96413e+09
1.96521e+09
1.96623e+09
1.96725e+09
1.96824e+09
1.9693e+09
1.97074e+09
1.97192e+09
1.97293e+09
1.97392e+09
1.97491e+09
1.97589e+09
1.9769e+09
1.9779e+09
1.97887e+09
1.97987e+09
1.98088e+09
1.98186e+09
1.98286e+09
1.98389e+09
1.98491e+09
1.98602e+09
1.98702e+09
1.988e+09
1.98901e+09
1.99002e+09
1.991e+09
1.99197e+09
1.99295e+09
1.99393e+09
1.99493e+09
1.99592e+09
1.99693e+09
1.99792e+09
1.99891e+09
1.99993e+09
2.00092e+09
2.0019e+09
2.00342e+09
2.00451e+09
2.00564e+09
2.00675e+09
2.00773e+09
2.00872e+09
2.00975e+09
2.01074e+09
2.01171e+09
2.01268e+09
2.01371e+09
2.01472e+09
2.01571e+09
2.01669e+09
2.01769e+09
2.01876e+09
2.01979e+09
2.02082e+09
2.02183e+09
2.0228e+09
2.02382e+09
2.02484e+09
2.02582e+09
2.02689e+09
2.02789e+09
2.02888e+09
2.02989e+09
2.03088e+09
2.03187e+09
2.03289e+09
2.03395e+09
2.03496e+09
2.03599e+09
2.03697e+09
2.03797e+09
2.03893e+09
2.03992e+09
2.04091e+09
2.04192e+09
2.04291e+09
2.04392e+09
2.04549e+09
2.04658e+09
2.04778e+09
2.04881e+09
2.04986e+09
2.05086e+09
2.05183e+09
2.05282e+09
2.0539e+09
2.05495e+09
2.05594e+09
2.0569e+09
2.05792e+09
2.05891e+09
2.05996e+09
2.06095e+09
2.06196e+09
2.06295e+09
2.06397e+09
2.06496e+09
2.06597e+09
2.06694e+09
2.06804e+09
2.06914e+09
2.0702e+09
2.07121e+09
2.07222e+09
2.07321e+09
2.07421e+09
2.07526e+09
2.07628e+09
2.07725e+09
2.07826e+09
2.07928e+09
2.08029e+09
2.08128e+09
2.08231e+09
2.08331e+09
2.08433e+09
2.0855e+09
2.08693e+09
2.08813e+09
2.08925e+09
2.09029e+09
2.09129e+09
2.09228e+09
2.09326e+09
2.09426e+09
2.09527e+09
2.0963e+09
2.09727e+09
2.0983e+09
2.09929e+09
2.10031e+09
2.10128e+09
2.10228e+09
2.10326e+09
2.10426e+09
2.10527e+09
2.10625e+09
2.10722e+09
2.10821e+09
2.10934e+09
2.11033e+09
2.11137e+09
2.11237e+09
2.11334e+09
2.11439e+09
2.11541e+09
2.11644e+09
2.11748e+09
2.11847e+09
2.11947e+09
2.12046e+09
2.12145e+09
2.12244e+09
2.12345e+09
2.12444e+09
2.12546e+09
2.12646e+09
2.12749e+09
2.12845e+09
2.12973e+09
2.13075e+09
2.13172e+09
2.13271e+09
2.1337e+09
2.1347e+09
2.13573e+09
2.1367e+09
2.13767e+09
2.13868e+09
2.13967e+09
2.14063e+09
2.14163e+09
2.14262e+09
2.14366e+09
2.14473e+09
2.14577e+09
2.14674e+09
2.14779e+09
2.14878e+09
2.14995e+09
2.15094e+09
2.15197e+09
2.15296e+09
2.15398e+09
2.15495e+09
2.15601e+09
2.15731e+09
2.15915e+09
2.16057e+09
2.16157e+09
2.16355e+09
2.16459e+09
2.16566e+09
2.16686e+09
2.16807e+09
2.16909e+09
2.17011e+09
2.17109e+09
2.17209e+09
2.1732e+09
2.17428e+09
2.17537e+09
2.17646e+09
2.17753e+09
2.17853e+09
2.17953e+09
2.18054e+09
2.18151e+09
2.18248e+09
2.18349e+09
2.18447e+09
2.18544e+09
2.18647e+09
2.18747e+09
2.18847e+09
2.18952e+09
2.19059e+09
2.19157e+09
2.19258e+09
2.19368e+09
2.19475e+09
2.19573e+09
2.19671e+09
2.19768e+09
2.19868e+09
2.19966e+09
2.20065e+09
2.20162e+09
2.20262e+09
2.20361e+09
2.20463e+09
2.20563e+09
2.20664e+09
2.20773e+09
2.20875e+09
2.20977e+09
2.21076e+09
2.21175e+09
2.21273e+09
2.21382e+09
2.21488e+09
2.21584e+09
2.21687e+09
2.21789e+09
2.21888e+09
2.21986e+09
2.22088e+09
2.22186e+09
2.22288e+09
2.22391e+09
2.2249e+09
2.22588e+09
2.22687e+09
2.22784e+09
2.22888e+09
2.22986e+09
2.23087e+09
2.23183e+09
2.23283e+09
2.23391e+09
2.23491e+09
2.23642e+09
2.23748e+09
2.23862e+09
2.23974e+09
2.24071e+09
2.24172e+09
2.24269e+09
2.24367e+09
2.24468e+09
2.24565e+09
2.24662e+09
2.24762e+09
2.2486e+09
2.24958e+09
2.25059e+09
2.25157e+09
2.25255e+09
2.25358e+09
2.25466e+09
2.25565e+09
2.25666e+09
2.25765e+09
2.25866e+09
2.25964e+09
2.26062e+09
2.26161e+09
2.26257e+09
2.26354e+09
2.26452e+09
2.26552e+09
2.2665e+09
2.26753e+09
2.26876e+09
2.27002e+09
2.27119e+09
2.27218e+09
2.27317e+09
2.27417e+09
2.27536e+09
2.27637e+09
2.27735e+09
2.27843e+09
2.27941e+09
2.28039e+09
2.28138e+09
2.28236e+09
2.2838e+09
2.28486e+09
2.28587e+09
2.28685e+09
2.28787e+09
2.2889e+09
2.28992e+09
2.29095e+09
2.29195e+09
2.29294e+09
2.29393e+09
2.29496e+09
2.29604e+09
2.29704e+09
2.29805e+09
2.29912e+09
2.30009e+09
2.30105e+09
2.30205e+09
2.30308e+09
2.30415e+09
2.30517e+09
2.30618e+09
2.30726e+09
2.30823e+09
2.30925e+09
2.31026e+09
2.31124e+09
2.31223e+09
2.31324e+09
2.31426e+09
2.31527e+09
2.31643e+09
2.31745e+09
2.31846e+09
2.31947e+09
2.32048e+09
2.32166e+09
2.32299e+09
2.32418e+09
2.32527e+09
2.32623e+09
2.3272e+09
2.32817e+09
2.32914e+09
2.33012e+09
2.33113e+09
2.33213e+09
2.33313e+09
2.33416e+09
2.33525e+09
2.33627e+09
2.33737e+09
2.33835e+09
2.33934e+09
2.34034e+09
2.34131e+09
2.34231e+09
2.34336e+09
2.34436e+09
2.34536e+09
2.34636e+09
2.34737e+09
2.34835e+09
2.34936e+09
2.35034e+09
2.35136e+09
2.35239e+09
2.3534e+09
2.35459e+09
2.35594e+09
2.35714e+09
2.35833e+09
2.35933e+09
2.36031e+09
2.36133e+09
2.36231e+09
2.3633e+09
2.3643e+09
2.36539e+09
2.36637e+09
2.36737e+09
2.36837e+09
2.36936e+09
2.37034e+09
2.37136e+09
2.37232e+09
2.37332e+09
2.37431e+09
2.37535e+09
2.3764e+09
2.37743e+09
2.37854e+09
2.37955e+09
2.38053e+09
2.38151e+09
2.38251e+09
2.38352e+09
2.38454e+09
2.38558e+09
2.38654e+09
2.38752e+09
2.38854e+09
2.38953e+09
2.39055e+09
2.39152e+09
2.39253e+09
2.39351e+09
2.39452e+09
2.39551e+09
2.39653e+09
2.39752e+09
2.39864e+09
2.39964e+09
2.4007e+09
2.40169e+09
2.40267e+09
2.40373e+09
2.40473e+09
2.40569e+09
2.4067e+09
2.40767e+09
2.40871e+09
2.41023e+09
2.41131e+09
2.41256e+09
2.4136e+09
2.41464e+09
2.41563e+09
2.41661e+09
2.41758e+09
2.41855e+09
2.41965e+09
2.42073e+09
2.42171e+09
2.4227e+09
2.42371e+09
2.4247e+09
2.42567e+09
2.42666e+09
2.42763e+09
2.42866e+09
2.42963e+09
2.43065e+09
2.43162e+09
2.4326e+09
2.43357e+09
2.43456e+09
2.43555e+09
2.43653e+09
2.43751e+09
2.43854e+09
2.43966e+09
2.4407e+09
2.4417e+09
2.44268e+09
2.44366e+09
2.44465e+09
2.44562e+09
2.4466e+09
2.44759e+09
2.44857e+09
2.44956e+09
2.45053e+09
2.4515e+09
2.45248e+09
2.45345e+09
2.45451e+09
2.4555e+09
2.4565e+09
2.45748e+09
2.45846e+09
2.45963e+09
2.46064e+09
2.46168e+09
2.46264e+09
2.4637e+09
2.46468e+09
2.46567e+09
2.46666e+09
2.46765e+09
2.46866e+09
2.46965e+09
2.47076e+09
2.47179e+09
2.47277e+09
2.47382e+09
2.47481e+09
2.47587e+09
2.47683e+09
2.47782e+09
2.4788e+09
2.47993e+09
2.48091e+09
2.48192e+09
2.4829e+09
2.4839e+09
2.4849e+09
2.4859e+09
2.48688e+09
2.48788e+09
2.48886e+09
2.48986e+09
2.49083e+09
2.49181e+09
2.49278e+09
2.49376e+09
2.49476e+09
2.49575e+09
2.49673e+09
2.49772e+09
2.49871e+09
2.49987e+09
2.50144e+09
2.50249e+09
2.50364e+09
2.50472e+09
2.50573e+09
2.50673e+09
2.5077e+09
2.50871e+09
2.50973e+09
2.51078e+09
2.51174e+09
2.51276e+09
2.51375e+09
2.51478e+09
2.51574e+09
2.51673e+09
2.5177e+09
2.51874e+09
2.5197e+09
2.5208e+09
2.52178e+09
2.52283e+09
2.52389e+09
2.52489e+09
2.52589e+09
2.52694e+09
2.52793e+09
2.52897e+09
2.52999e+09
2.53101e+09
2.53203e+09
2.53303e+09
2.53456e+09
2.53572e+09
2.5368e+09
2.53782e+09
2.53885e+09
2.53988e+09
2.54086e+09
2.54197e+09
2.54302e+09
2.54399e+09
2.54502e+09
2.54601e+09
2.54709e+09
2.54809e+09
2.54906e+09
2.55004e+09
2.55103e+09
2.552e+09
2.55297e+09
2.55395e+09
2.55502e+09
2.55606e+09
2.55708e+09
2.55806e+09
2.55907e+09
2.56008e+09
2.5611e+09
2.56222e+09
2.56323e+09
2.56427e+09
2.56528e+09
2.56628e+09
2.56727e+09
2.56825e+09
2.56927e+09
2.57029e+09
2.57129e+09
2.57226e+09
2.5733e+09
2.57428e+09
2.57527e+09
2.57626e+09
2.57725e+09
2.57823e+09
2.57928e+09
2.5803e+09
2.58129e+09
2.58239e+09
2.58344e+09
2.58446e+09
2.58547e+09
2.58645e+09
2.58767e+09
2.589e+09
2.59018e+09
2.59122e+09
2.59221e+09
2.59322e+09
2.59427e+09
2.59528e+09
2.59626e+09
2.59726e+09
2.59828e+09
2.59927e+09
2.60027e+09
2.60127e+09
2.60227e+09
2.60339e+09
2.60442e+09
2.60548e+09
2.60646e+09
2.60744e+09
2.60843e+09
2.60944e+09
2.61043e+09
2.6114e+09
2.61238e+09
2.61336e+09
2.61439e+09
2.61543e+09
2.61641e+09
2.61741e+09
2.61844e+09
2.61941e+09
2.62042e+09
2.62139e+09
2.62237e+09
2.62346e+09
2.62448e+09
2.62573e+09
2.62709e+09
2.62824e+09
2.62925e+09
2.63024e+09
2.63121e+09
2.63224e+09
2.63321e+09
2.63421e+09
2.63518e+09
2.63617e+09
2.63716e+09
2.63817e+09
2.63914e+09
2.64012e+09
2.6411e+09
2.64209e+09
2.64312e+09
2.64419e+09
2.64519e+09
2.64617e+09
2.64718e+09
2.64816e+09
2.64916e+09
2.65015e+09
2.65113e+09
2.65213e+09
2.65311e+09
2.65409e+09
2.65507e+09
2.65611e+09
2.6571e+09
2.65816e+09
2.65977e+09
2.66095e+09
2.66195e+09
2.66296e+09
2.66396e+09
2.66508e+09
2.66606e+09
2.66706e+09
2.66803e+09
2.66901e+09
2.67e+09
2.67099e+09
2.67204e+09
2.67307e+09
2.67407e+09
2.67512e+09
2.67611e+09
2.67713e+09
2.67811e+09
2.67915e+09
2.68012e+09
2.68113e+09
2.68212e+09
2.68312e+09
2.68409e+09
2.6852e+09
2.68623e+09
2.68721e+09
2.6882e+09
2.68922e+09
2.69022e+09
2.6913e+09
2.69279e+09
2.69398e+09
2.69501e+09
2.69602e+09
2.69703e+09
2.69805e+09
2.69903e+09
2.70005e+09
2.70106e+09
2.70205e+09
2.70301e+09
2.70402e+09
2.70501e+09
2.70615e+09
2.70712e+09
2.70812e+09
2.70911e+09
2.71012e+09
2.71111e+09
2.71214e+09
2.71311e+09
2.71417e+09
2.71523e+09
2.71629e+09
2.71727e+09
2.71825e+09
2.71926e+09
2.72028e+09
2.72125e+09
2.72229e+09
2.72326e+09
2.72428e+09
2.72531e+09
2.72645e+09
2.72744e+09
2.72845e+09
2.72943e+09
2.73044e+09
2.73143e+09
2.7324e+09
2.7334e+09
2.73438e+09
2.73536e+09
2.73642e+09
2.73742e+09
2.73841e+09
2.7394e+09
2.74041e+09
2.7414e+09
2.74241e+09
2.7434e+09
2.7444e+09
2.74541e+09
2.74652e+09
2.7475e+09
2.74849e+09
2.74946e+09
2.75045e+09
2.75144e+09
2.75241e+09
2.75338e+09
2.75439e+09
2.75538e+09
2.75637e+09
2.75736e+09
2.75842e+09
2.75944e+09
2.76045e+09
2.76143e+09
2.76245e+09
2.76346e+09
2.76443e+09
2.76541e+09
2.7666e+09
2.76763e+09
2.76861e+09
2.7696e+09
2.77058e+09
2.7716e+09
2.77259e+09
2.77359e+09
2.77458e+09
2.77558e+09
2.77658e+09
2.77758e+09
2.77858e+09
2.77956e+09
2.78056e+09
2.78154e+09
2.78293e+09
2.78432e+09
2.7853e+09
2.78631e+09
2.78743e+09
2.78844e+09
2.78943e+09
2.79041e+09
2.79141e+09
2.79238e+09
2.79335e+09
2.79434e+09
2.7954e+09
2.79639e+09
2.79743e+09
2.7984e+09
2.7994e+09
2.80038e+09
2.80136e+09
2.80234e+09
2.80334e+09
2.80432e+09
2.80532e+09
2.80641e+09
2.80788e+09
2.80905e+09
2.81011e+09
2.81114e+09
2.81212e+09
2.81311e+09
2.81411e+09
2.81515e+09
2.8162e+09
2.81718e+09
2.81815e+09
2.81912e+09
2.82012e+09
2.8211e+09
2.82208e+09
2.8231e+09
2.82424e+09
2.82525e+09
2.82623e+09
2.82723e+09
2.82836e+09
2.82934e+09
2.83038e+09
2.83137e+09
2.83238e+09
2.83341e+09
2.83445e+09
2.83547e+09
2.83648e+09
2.83746e+09
2.83843e+09
2.83965e+09
2.84096e+09
2.84214e+09
2.84318e+09
2.84419e+09
2.84518e+09
2.8462e+09
2.84718e+09
2.84819e+09
2.84929e+09
2.85029e+09
2.85126e+09
2.85223e+09
2.85321e+09
2.85421e+09
2.85519e+09
2.8562e+09
2.85718e+09
2.85824e+09
2.85926e+09
2.86032e+09
2.86133e+09
2.86233e+09
2.8633e+09
2.86428e+09
2.8653e+09
2.86628e+09
2.86724e+09
2.86824e+09
2.86936e+09
2.87039e+09
2.87137e+09
2.87249e+09
2.87388e+09
2.8751e+09
2.8761e+09
2.87706e+09
2.87804e+09
2.87902e+09
2.87999e+09
2.88098e+09
2.88197e+09
2.88299e+09
2.88408e+09
2.88506e+09
2.88607e+09
2.88709e+09
2.88806e+09
2.88904e+09
2.89016e+09
2.89117e+09
2.89215e+09
2.89315e+09
2.89416e+09
2.89519e+09
2.89619e+09
2.89719e+09
2.89817e+09
2.89916e+09
2.90014e+09
2.90115e+09
2.90213e+09
2.90314e+09
2.90412e+09
2.90513e+09
2.90611e+09
2.90709e+09
2.9081e+09
2.90908e+09
2.91021e+09
2.91121e+09
2.91218e+09
2.91318e+09
2.91418e+09
2.91521e+09
2.91619e+09
2.91719e+09
2.91816e+09
2.91913e+09
2.92014e+09
2.92113e+09
2.92212e+09
2.92308e+09
2.92408e+09
2.9251e+09
2.92609e+09
2.92765e+09
2.92881e+09
2.92989e+09
2.93098e+09
2.93196e+09
2.93303e+09
2.93402e+09
2.93502e+09
2.93601e+09
2.93698e+09
2.93796e+09
2.93894e+09
2.93998e+09
2.94095e+09
2.94194e+09
2.94291e+09
2.94395e+09
2.94491e+09
2.94592e+09
2.9469e+09
2.94792e+09
2.9489e+09
2.9499e+09
2.951e+09
2.95199e+09
2.95298e+09
2.95397e+09
2.95497e+09
2.95598e+09
2.95699e+09
2.95798e+09
2.95896e+09
2.95996e+09
2.96093e+09
2.96191e+09
2.96289e+09
2.96389e+09
2.96493e+09
2.96596e+09
2.96699e+09
2.96797e+09
2.96893e+09
2.9699e+09
2.97106e+09
2.97213e+09
2.97313e+09
2.97413e+09
2.97514e+09
2.97612e+09
2.97712e+09
2.9781e+09
2.97911e+09
2.9801e+09
2.98112e+09
2.98212e+09
2.98312e+09
2.98409e+09
2.98509e+09
2.98606e+09
2.98703e+09
2.98858e+09
2.98976e+09
2.99077e+09
2.9919e+09
2.9929e+09
2.99399e+09
2.99502e+09
2.99602e+09
2.99703e+09
2.99807e+09
2.99905e+09
3.00005e+09
3.00108e+09
3.00208e+09
3.00308e+09
3.0041e+09
3.00507e+09
3.00614e+09
3.00712e+09
3.00811e+09
3.00911e+09
3.01014e+09
3.01115e+09
3.01232e+09
3.01332e+09
3.01439e+09
3.01549e+09
3.01648e+09
3.0175e+09
3.01851e+09
3.01951e+09
3.02048e+09
3.0215e+09
3.02251e+09
3.02347e+09
3.02448e+09
3.02546e+09
3.02643e+09
3.02741e+09
3.02838e+09
3.02937e+09
3.03037e+09
3.03135e+09
3.03245e+09
3.03349e+09
3.0345e+09
3.03557e+09
3.03661e+09
3.03761e+09
3.03859e+09
3.03957e+09
3.04056e+09
3.04154e+09
3.04254e+09
3.04357e+09
3.04455e+09
3.04556e+09
3.04655e+09
3.04766e+09
3.04863e+09
3.04961e+09
3.05061e+09
3.05159e+09
3.05269e+09
3.05369e+09
3.05469e+09
3.0557e+09
3.0567e+09
3.05771e+09
3.0587e+09
3.05977e+09
3.06075e+09
3.06173e+09
3.06271e+09
3.06367e+09
3.06468e+09
3.06566e+09
3.06665e+09
3.06764e+09
3.06867e+09
3.07003e+09
3.07119e+09
3.07237e+09
3.07351e+09
3.07454e+09
3.07555e+09
3.07655e+09
3.07753e+09
3.07862e+09
3.07961e+09
3.08062e+09
3.08164e+09
3.08265e+09
3.08361e+09
3.08462e+09
3.08567e+09
3.08667e+09
3.08769e+09
3.0887e+09
3.08968e+09
3.09068e+09
3.09165e+09
3.09263e+09
3.0937e+09
3.09472e+09
3.09572e+09
3.09671e+09
3.09768e+09
3.09868e+09
3.09966e+09
3.1007e+09
3.10173e+09
3.10325e+09
3.10437e+09
3.10558e+09
3.10659e+09
3.10758e+09
3.10861e+09
3.10961e+09
3.11061e+09
3.11163e+09
3.1126e+09
3.11363e+09
3.11476e+09
3.11575e+09
3.11673e+09
3.11774e+09
3.11881e+09
3.11979e+09
3.12079e+09
3.12179e+09
3.12276e+09
3.12384e+09
3.12482e+09
3.1258e+09
3.12684e+09
3.12782e+09
3.12881e+09
3.12978e+09
3.13076e+09
3.13177e+09
3.13281e+09
3.13384e+09
3.13497e+09
3.1365e+09
3.13756e+09
3.13871e+09
3.13973e+09
3.14072e+09
3.14172e+09
3.1427e+09
3.14368e+09
3.14467e+09
3.14566e+09
3.14671e+09
3.14773e+09
3.14871e+09
3.14977e+09
3.15074e+09
3.15174e+09
3.15274e+09
3.15375e+09
3.15477e+09
3.15588e+09
3.15687e+09
3.15785e+09
3.15883e+09
3.15982e+09
3.16082e+09
3.16182e+09
3.16281e+09
3.1638e+09
3.16478e+09
3.16579e+09
3.16677e+09
3.16776e+09
3.16927e+09
3.17041e+09
3.17165e+09
3.17263e+09
3.1736e+09
3.1746e+09
3.17569e+09
3.17683e+09
3.17785e+09
3.17883e+09
3.17987e+09
3.18086e+09
3.18188e+09
3.18288e+09
3.18385e+09
3.18484e+09
3.18583e+09
3.18689e+09
3.18792e+09
3.18894e+09
3.18994e+09
3.19101e+09
3.19199e+09
3.19301e+09
3.19399e+09
3.19501e+09
3.19599e+09
3.19713e+09
3.19816e+09
3.19918e+09
3.20025e+09
3.20124e+09
3.20222e+09
3.20321e+09
3.20417e+09
3.20516e+09
3.20615e+09
3.20718e+09
3.20817e+09
3.20915e+09
3.21017e+09
3.21129e+09
3.21229e+09
3.21333e+09
3.2143e+09
3.2153e+09
3.21631e+09
3.21743e+09
3.21851e+09
3.21955e+09
3.22055e+09
3.22153e+09
3.22252e+09
3.2236e+09
3.22456e+09
3.22557e+09
3.22654e+09
3.22752e+09
3.22872e+09
3.23002e+09
3.23121e+09
3.23223e+09
3.23321e+09
3.2342e+09
3.2352e+09
3.23619e+09
3.23718e+09
3.23823e+09
3.23925e+09
3.24026e+09
3.24126e+09
3.24224e+09
3.24334e+09
3.24434e+09
3.24533e+09
3.2463e+09
3.24729e+09
3.24827e+09
3.24928e+09
3.25028e+09
3.25127e+09
3.25232e+09
3.25332e+09
3.2543e+09
3.25531e+09
3.25629e+09
3.25728e+09
3.25839e+09
3.25941e+09
3.26042e+09
3.26157e+09
3.26289e+09
3.26409e+09
3.26513e+09
3.26616e+09
3.26714e+09
3.26816e+09
3.26912e+09
3.27013e+09
3.27112e+09
3.2721e+09
3.27306e+09
3.27406e+09
3.27503e+09
3.27605e+09
3.27703e+09
3.27803e+09
3.27911e+09
3.28014e+09
3.28111e+09
3.28212e+09
3.2831e+09
3.28408e+09
3.28505e+09
3.28605e+09
3.28707e+09
3.28805e+09
3.28903e+09
3.29004e+09
3.29105e+09
3.29206e+09
3.29305e+09
3.29407e+09
3.29564e+09
3.29686e+09
3.29786e+09
3.29892e+09
3.30001e+09
3.30099e+09
3.30199e+09
3.30297e+09
3.30393e+09
3.30497e+09
3.30595e+09
3.30701e+09
3.30799e+09
3.309e+09
3.31005e+09
3.31114e+09
3.31215e+09
3.3132e+09
3.31426e+09
3.31528e+09
3.31628e+09
3.31728e+09
3.31825e+09
3.31926e+09
3.32038e+09
3.32138e+09
3.32238e+09
3.3234e+09
3.32442e+09
3.32548e+09
3.32646e+09
3.32748e+09
3.32847e+09
3.32945e+09
3.33045e+09
3.33153e+09
3.33249e+09
3.33351e+09
3.33455e+09
3.33555e+09
3.33651e+09
3.33749e+09
3.33846e+09
3.33946e+09
3.34058e+09
3.3416e+09
3.34257e+09
3.34355e+09
3.34453e+09
3.34557e+09
3.34655e+09
3.34753e+09
3.34855e+09
3.34955e+09
3.35058e+09
3.35156e+09
3.35253e+09
3.35356e+09
3.35456e+09
3.35558e+09
3.35658e+09
3.35759e+09
3.35856e+09
3.3596e+09
3.36071e+09
3.36175e+09
3.36276e+09
3.36376e+09
3.36477e+09
3.36576e+09
3.36673e+09
3.36772e+09
3.36876e+09
3.36975e+09
3.37074e+09
3.37174e+09
3.37272e+09
3.37368e+09
3.37465e+09
3.37563e+09
3.3766e+09
3.37759e+09
3.37859e+09
3.37961e+09
3.38069e+09
3.38172e+09
3.38274e+09
3.38375e+09
3.38473e+09
3.38572e+09
3.38674e+09
3.38775e+09
3.38875e+09
3.38975e+09
3.39076e+09
3.39174e+09
3.39275e+09
3.39371e+09
3.39469e+09
3.39569e+09
3.39669e+09
3.39766e+09
3.39866e+09
3.39967e+09
3.4012e+09
3.40234e+09
3.40354e+09
3.40453e+09
3.40554e+09
3.40656e+09
3.40754e+09
3.40857e+09
3.40955e+09
3.4106e+09
3.41157e+09
3.41256e+09
3.41355e+09
3.41453e+09
3.41554e+09
3.41654e+09
3.41753e+09
3.41851e+09
3.41948e+09
3.42051e+09
3.42161e+09
3.42263e+09
3.42361e+09
3.42462e+09
3.42559e+09
3.42661e+09
3.42761e+09
3.4286e+09
3.42958e+09
3.4306e+09
3.4316e+09
3.4326e+09
3.43389e+09
3.43513e+09
3.43635e+09
3.43737e+09
3.43835e+09
3.43936e+09
3.44036e+09
3.44134e+09
3.44247e+09
3.44349e+09
3.44444e+09
3.44545e+09
3.44643e+09
3.44746e+09
3.44844e+09
3.44948e+09
3.45051e+09
3.45153e+09
3.45251e+09
3.45352e+09
3.4545e+09
3.45549e+09
3.45648e+09
3.4575e+09
3.45848e+09
3.45949e+09
3.46048e+09
3.46146e+09
3.46255e+09
3.46366e+09
3.46466e+09
3.46569e+09
3.46709e+09
3.46821e+09
3.46943e+09
3.47044e+09
3.47143e+09
3.47245e+09
3.47343e+09
3.47443e+09
3.47545e+09
3.47642e+09
3.4774e+09
3.47838e+09
3.47938e+09
3.48035e+09
3.48131e+09
3.48231e+09
3.48346e+09
3.4845e+09
3.48554e+09
3.48651e+09
3.4875e+09
3.48851e+09
3.48949e+09
3.49049e+09
3.49151e+09
3.49251e+09
3.49353e+09
3.49452e+09
3.49553e+09
3.49654e+09
3.49752e+09
3.49851e+09
3.49979e+09
3.50105e+09
3.50226e+09
3.50328e+09
3.50442e+09
3.50545e+09
3.50647e+09
3.50748e+09
3.50849e+09
3.50948e+09
3.5105e+09
3.51148e+09
3.51256e+09
3.51353e+09
3.51452e+09
3.51553e+09
3.51654e+09
3.51752e+09
3.51852e+09
3.51951e+09
3.52055e+09
3.52153e+09
3.52253e+09
3.5235e+09
3.5246e+09
3.5256e+09
3.52659e+09
3.52756e+09
3.52855e+09
3.52954e+09
3.53055e+09
3.53152e+09
3.53276e+09
3.53402e+09
3.5352e+09
3.53619e+09
3.53721e+09
3.53818e+09
3.53915e+09
3.54013e+09
3.5411e+09
3.54208e+09
3.54307e+09
3.54403e+09
3.54533e+09
3.54636e+09
3.54734e+09
3.5484e+09
3.5494e+09
3.55038e+09
3.55138e+09
3.55236e+09
3.55336e+09
3.55435e+09
3.55536e+09
3.55636e+09
3.55737e+09
3.55833e+09
3.55932e+09
3.56032e+09
3.56135e+09
3.56232e+09
3.56333e+09
3.56431e+09
3.5656e+09
3.56691e+09
3.56809e+09
3.56919e+09
3.5702e+09
3.57122e+09
3.57221e+09
3.57319e+09
3.57421e+09
3.5752e+09
3.5762e+09
3.57717e+09
3.57817e+09
3.57915e+09
3.58015e+09
3.58114e+09
3.58215e+09
3.58313e+09
3.58415e+09
3.58516e+09
3.58626e+09
3.58723e+09
3.58825e+09
3.58922e+09
3.59022e+09
3.5912e+09
3.59218e+09
3.59315e+09
3.59417e+09
3.59519e+09
3.59622e+09
3.59722e+09
3.59831e+09
3.59975e+09
3.60099e+09
3.60198e+09
3.60298e+09
3.60397e+09
3.60496e+09
3.60595e+09
3.60629e+09
3.60656e+09
3.6069e+09
3.60728e+09
3.60765e+09
3.60804e+09
3.60835e+09
3.60862e+09
3.6089e+09
3.60917e+09
3.60943e+09
3.60971e+09
3.61e+09
3.61037e+09
3.61074e+09
3.61112e+09
3.61148e+09
3.61184e+09
3.61227e+09
3.61263e+09
3.61295e+09
3.61324e+09
3.61364e+09
3.61406e+09
3.61436e+09
3.61463e+09
3.61491e+09
3.61519e+09
3.61551e+09
3.61588e+09
3.61626e+09
3.61664e+09
3.61701e+09
3.61738e+09
3.61775e+09
3.61811e+09
3.61849e+09
3.61876e+09
3.61908e+09
3.61942e+09
3.61974e+09
3.62009e+09
3.62053e+09
3.6209e+09
3.62127e+09
3.62164e+09
3.62201e+09
3.62239e+09
3.62277e+09
3.62314e+09
3.6235e+09
3.62387e+09
3.62425e+09
3.62462e+09
3.62499e+09
3.62536e+09
3.62573e+09
3.6261e+09
3.62646e+09
3.62684e+09
3.62716e+09
3.62753e+09
3.62789e+09
3.62817e+09
3.62847e+09
3.62874e+09
3.62905e+09
3.62932e+09
3.62959e+09
3.62987e+09
3.63014e+09
3.63041e+09
3.63068e+09
3.63102e+09
3.63138e+09
3.63175e+09
3.63212e+09
3.63239e+09
3.63266e+09
3.63293e+09
3.63325e+09
3.63354e+09
3.63386e+09
3.63414e+09
3.63441e+09
3.63472e+09
3.63512e+09
3.63551e+09
3.63587e+09
3.63618e+09
3.63652e+09
3.63689e+09
3.63727e+09
3.63754e+09
3.63781e+09
3.63809e+09
3.63836e+09
3.63863e+09
3.6389e+09
3.63918e+09
3.6395e+09
3.63981e+09
3.64014e+09
3.64041e+09
3.64068e+09
3.64097e+09
3.64124e+09
3.64154e+09
3.64182e+09
3.64209e+09
3.64238e+09
3.64265e+09
3.64292e+09
3.64319e+09
3.64351e+09
3.64378e+09
3.64405e+09
3.64433e+09
3.6446e+09
3.64488e+09
3.64519e+09
3.64558e+09
3.64601e+09
3.64636e+09
3.64663e+09
3.6469e+09
3.64717e+09
3.64745e+09
3.64779e+09
3.64816e+09
3.64853e+09
3.64887e+09
3.64914e+09
3.64946e+09
3.64984e+09
3.65023e+09
3.65059e+09
3.65096e+09
3.65133e+09
3.6517e+09
3.65209e+09
3.65238e+09
3.65278e+09
3.6531e+09
3.65338e+09
3.65365e+09
3.65394e+09
3.65426e+09
3.65462e+09
3.655e+09
3.65537e+09
3.65569e+09
3.65609e+09
3.65646e+09
3.65682e+09
3.65719e+09
3.65749e+09
3.6578e+09
3.65818e+09
3.65854e+09
3.65894e+09
3.65923e+09
3.65955e+09
3.65994e+09
3.66034e+09
3.66071e+09
3.66108e+09
3.66145e+09
3.66182e+09
3.6622e+09
3.66255e+09
3.66282e+09
3.66312e+09
3.66346e+09
3.66372e+09
3.66407e+09
3.66446e+09
3.66484e+09
3.6652e+09
3.66556e+09
3.66588e+09
3.6662e+09
3.66663e+09
3.66696e+09
3.66729e+09
3.66766e+09
3.66803e+09
3.66843e+09
3.66874e+09
3.66901e+09
3.66937e+09
3.66974e+09
3.67011e+09
3.67049e+09
3.67085e+09
3.67118e+09
3.67155e+09
3.67191e+09
3.67228e+09
3.67266e+09
3.67298e+09
3.67327e+09
3.67368e+09
3.67405e+09
3.67442e+09
3.67481e+09
3.67517e+09
3.67555e+09
3.67592e+09
3.67629e+09
3.67667e+09
3.67704e+09
3.6774e+09
3.6778e+09
3.67811e+09
3.67841e+09
3.67878e+09
3.67915e+09
3.67952e+09
3.67989e+09
3.68029e+09
3.68072e+09
3.68111e+09
3.68148e+09
3.68183e+09
3.68212e+09
3.68239e+09
3.68267e+09
3.68303e+09
3.6834e+09
3.68377e+09
3.68414e+09
3.68445e+09
3.68472e+09
3.68507e+09
3.68546e+09
3.68583e+09
3.68621e+09
3.6865e+09
3.68679e+09
3.68713e+09
3.68748e+09
3.68786e+09
3.68813e+09
3.6885e+09
3.68887e+09
3.68926e+09
3.68962e+09
3.68999e+09
3.69036e+09
3.69073e+09
3.6911e+09
3.69148e+09
3.69186e+09
3.69221e+09
3.69256e+09
3.69293e+09
3.69329e+09
3.69359e+09
3.69389e+09
3.69427e+09
3.6947e+09
3.69507e+09
3.69544e+09
3.69582e+09
3.69614e+09
3.69641e+09
3.69668e+09
3.69702e+09
3.69738e+09
3.69776e+09
3.69812e+09
3.6985e+09
3.69886e+09
3.69923e+09
3.69958e+09
3.69987e+09
3.70022e+09
3.7006e+09
3.70096e+09
3.70132e+09
3.70161e+09
3.70205e+09
3.70241e+09
3.70276e+09
3.70304e+09
3.7034e+09
3.70378e+09
3.70415e+09
3.70452e+09
3.70489e+09
3.70526e+09
3.7056e+09
3.70589e+09
3.70616e+09
3.70653e+09
3.70686e+09
3.70715e+09
3.70742e+09
3.70769e+09
3.70814e+09
3.70858e+09
3.70894e+09
3.70934e+09
3.70963e+09
3.70991e+09
3.71029e+09
3.71069e+09
3.71105e+09
3.71192e+09
3.71262e+09
3.71298e+09
3.71327e+09
3.71388e+09
3.71425e+09
3.71462e+09
3.71499e+09
3.7153e+09
3.71563e+09
3.7159e+09
3.71634e+09
3.71678e+09
3.71715e+09
3.71752e+09
3.71786e+09
3.71814e+09
3.71852e+09
3.71882e+09
3.71919e+09
3.71957e+09
3.71989e+09
3.72025e+09
3.72059e+09
3.72094e+09
3.72131e+09
3.72163e+09
3.72199e+09
3.72236e+09
3.72276e+09
3.72306e+09
3.72337e+09
3.72365e+09
3.72401e+09
3.72429e+09
3.72459e+09
3.72497e+09
3.72531e+09
3.72561e+09
3.72588e+09
3.72616e+09
3.72643e+09
3.7267e+09
3.72697e+09
3.72724e+09
3.72751e+09
3.72778e+09
3.72805e+09
3.72833e+09
3.72861e+09
3.72889e+09
3.7292e+09
3.72949e+09
3.72982e+09
3.7301e+09
3.73037e+09
3.73065e+09
3.73093e+09
3.73124e+09
3.7316e+09
3.73197e+09
3.73234e+09
3.73271e+09
3.7331e+09
3.73339e+09
3.73366e+09
3.73395e+09
3.73423e+09
3.73449e+09
3.73477e+09
3.73504e+09
3.73537e+09
3.73573e+09
3.73605e+09
3.73633e+09
3.7366e+09
3.73688e+09
3.73716e+09
3.73744e+09
3.73771e+09
3.73798e+09
3.73826e+09
3.73853e+09
3.73879e+09
3.73906e+09
3.73934e+09
3.73961e+09
3.73988e+09
3.74017e+09
3.74047e+09
3.74074e+09
3.74107e+09
3.74138e+09
3.74171e+09
3.74201e+09
3.74228e+09
3.74256e+09
3.74283e+09
3.7431e+09
3.74338e+09
3.74365e+09
3.74392e+09
3.74419e+09
3.74446e+09
3.74473e+09
3.74501e+09
3.74528e+09
3.74556e+09
3.74583e+09
3.74612e+09
3.74639e+09
3.7467e+09
3.74698e+09
3.74732e+09
3.74768e+09
3.74805e+09
3.74842e+09
3.74876e+09
3.74903e+09
3.7493e+09
3.74957e+09
3.74986e+09
3.75013e+09
3.75041e+09
3.75069e+09
3.75096e+09
3.75123e+09
3.75157e+09
3.75193e+09
3.7523e+09
3.75268e+09
3.753e+09
3.75338e+09
3.7538e+09
3.75418e+09
3.75455e+09
3.75493e+09
3.75525e+09
3.75552e+09
3.75579e+09
3.75607e+09
3.75639e+09
3.75676e+09
3.75712e+09
3.75749e+09
3.75786e+09
3.75825e+09
3.75862e+09
3.75899e+09
3.75936e+09
3.75972e+09
3.7601e+09
3.76058e+09
3.76095e+09
3.76133e+09
3.7617e+09
3.76207e+09
3.76245e+09
3.76277e+09
3.76314e+09
3.76351e+09
3.76387e+09
3.76424e+09
3.76462e+09
3.765e+09
3.76536e+09
3.76573e+09
3.7661e+09
3.76648e+09
3.76685e+09
3.76722e+09
3.76756e+09
3.76788e+09
3.76829e+09
3.76867e+09
3.76904e+09
3.76941e+09
3.76978e+09
3.77015e+09
3.77053e+09
3.7709e+09
3.77151e+09
3.77249e+09
3.77287e+09
3.77324e+09
3.77405e+09
3.77444e+09
3.77485e+09
3.77523e+09
3.77557e+09
3.77584e+09
3.77619e+09
3.77657e+09
3.77693e+09
3.77721e+09
3.77751e+09
3.77782e+09
3.77815e+09
3.77847e+09
3.77878e+09
3.7791e+09
3.77961e+09
3.77993e+09
3.78033e+09
3.78067e+09
3.78099e+09
3.78136e+09
3.78168e+09
3.782e+09
3.78233e+09
3.78264e+09
3.78312e+09
3.78346e+09
3.78393e+09
3.7843e+09
3.78462e+09
3.78491e+09
3.78529e+09
3.78557e+09
3.78586e+09
3.78617e+09
3.78653e+09
3.78681e+09
3.78712e+09
3.78747e+09
3.78775e+09
3.7881e+09
3.78841e+09
3.78878e+09
3.78905e+09
3.78934e+09
3.78966e+09
3.79006e+09
3.79041e+09
3.79074e+09
3.79106e+09
3.79138e+09
3.79168e+09
3.79209e+09
3.79251e+09
3.79297e+09
3.79344e+09
3.79417e+09
3.79489e+09
3.79544e+09
3.79594e+09
3.79638e+09
3.79667e+09
3.79695e+09
3.79723e+09
3.79751e+09
3.79789e+09
3.79819e+09
3.79852e+09
3.7988e+09
3.79908e+09
3.79961e+09
3.80001e+09
3.8003e+09
3.80059e+09
3.80087e+09
3.80115e+09
3.80145e+09
3.80175e+09
3.80211e+09
3.80242e+09
3.80269e+09
3.80297e+09
3.80325e+09
3.80353e+09
3.80381e+09
3.80414e+09
3.80442e+09
3.8047e+09
3.80498e+09
3.80526e+09
3.80554e+09
3.80582e+09
3.80621e+09
3.80649e+09
3.80688e+09
3.8072e+09
3.80749e+09
3.8078e+09
3.80809e+09
3.8084e+09
3.80872e+09
3.809e+09
3.80931e+09
3.8096e+09
3.80988e+09
3.81053e+09
3.81083e+09
3.81114e+09
3.81143e+09
3.81171e+09
3.812e+09
3.81238e+09
3.81266e+09
3.81297e+09
3.81327e+09
3.81356e+09
3.81389e+09
3.81417e+09
3.81449e+09
3.81484e+09
3.81516e+09
3.81544e+09
3.81572e+09
3.81603e+09
3.81634e+09
3.81669e+09
3.817e+09
3.81733e+09
3.81771e+09
3.8181e+09
3.8185e+09
3.81885e+09
3.81915e+09
3.81944e+09
3.81978e+09
3.82011e+09
3.82049e+09
3.82079e+09
3.82107e+09
3.82138e+09
3.82165e+09
3.82193e+09
3.82221e+09
3.82248e+09
3.82277e+09
3.82309e+09
3.82339e+09
3.82369e+09
3.82401e+09
3.82439e+09
3.82466e+09
3.82506e+09
3.82548e+09
3.82576e+09
3.82612e+09
3.82646e+09
3.82697e+09
3.82744e+09
3.82791e+09
3.82829e+09
3.82873e+09
3.82911e+09
3.82939e+09
3.82968e+09
3.82999e+09
3.83035e+09
3.83068e+09
3.83113e+09
3.83142e+09
3.8317e+09
3.83201e+09
3.83236e+09
3.83265e+09
3.83295e+09
3.83326e+09
3.83357e+09
3.83394e+09
3.83429e+09
3.83459e+09
3.83489e+09
3.83519e+09
3.83547e+09
3.83575e+09
3.8361e+09
3.83639e+09
3.83671e+09
3.837e+09
3.83731e+09
3.83759e+09
3.8379e+09
3.83826e+09
3.83862e+09
3.83892e+09
3.8392e+09
3.83952e+09
3.83986e+09
3.84024e+09
3.84058e+09
3.84089e+09
3.84119e+09
3.84148e+09
3.84177e+09
3.84208e+09
3.84236e+09
3.84266e+09
3.84303e+09
3.84338e+09
3.84368e+09
3.84407e+09
3.84452e+09
3.8449e+09
3.84524e+09
3.84556e+09
3.84586e+09
3.84615e+09
3.84643e+09
3.84672e+09
3.84702e+09
3.8473e+09
3.8476e+09
3.84803e+09
3.84841e+09
3.84879e+09
3.84919e+09
3.84957e+09
3.84997e+09
3.85027e+09
3.85057e+09
3.85085e+09
3.85131e+09
3.8517e+09
3.85201e+09
3.85277e+09
3.85312e+09
3.8534e+09
3.85387e+09
3.85434e+09
3.85494e+09
3.85525e+09
3.85579e+09
3.85621e+09
3.85657e+09
3.85702e+09
3.85737e+09
3.85765e+09
3.85796e+09
3.85831e+09
3.85858e+09
3.85888e+09
3.85915e+09
3.85943e+09
3.85971e+09
3.85998e+09
3.86044e+09
3.86071e+09
3.86109e+09
3.86161e+09
3.86203e+09
3.86232e+09
3.86263e+09
3.86292e+09
3.86322e+09
3.86349e+09
3.86378e+09
3.86407e+09
3.86451e+09
3.86484e+09
3.86517e+09
3.86546e+09
3.86586e+09
3.86618e+09
3.86657e+09
3.8669e+09
3.86718e+09
3.86745e+09
3.86771e+09
3.86798e+09
3.86828e+09
3.86865e+09
3.86895e+09
3.86923e+09
3.86953e+09
3.86982e+09
3.87022e+09
3.87052e+09
3.87089e+09
3.87121e+09
3.87152e+09
3.8718e+09
3.87229e+09
3.87291e+09
3.87332e+09
3.8736e+09
3.87413e+09
3.87452e+09
3.87492e+09
3.87537e+09
3.87569e+09
3.87605e+09
3.87646e+09
3.87675e+09
3.87705e+09
3.87733e+09
3.87775e+09
3.87821e+09
3.87854e+09
3.87882e+09
3.8793e+09
3.87964e+09
3.87994e+09
3.88025e+09
3.88057e+09
3.88091e+09
3.88134e+09
3.88165e+09
3.88196e+09
3.88226e+09
3.88255e+09
3.88292e+09
3.88321e+09
3.88351e+09
3.88379e+09
3.88407e+09
3.88436e+09
3.88467e+09
3.885e+09
3.8853e+09
3.88569e+09
3.88601e+09
3.88629e+09
3.88657e+09
3.88687e+09
3.88715e+09
3.88744e+09
3.88772e+09
3.88803e+09
3.88832e+09
3.88864e+09
3.88893e+09
3.88925e+09
3.88993e+09
3.89059e+09
3.89094e+09
3.89138e+09
3.89184e+09
3.89216e+09
3.89244e+09
3.89272e+09
3.893e+09
3.89329e+09
3.89357e+09
3.89388e+09
3.89418e+09
3.89446e+09
3.89474e+09
3.89503e+09
3.89531e+09
3.89562e+09
3.89594e+09
3.89623e+09
3.89652e+09
3.89683e+09
3.89712e+09
3.89739e+09
3.89767e+09
3.89799e+09
3.89831e+09
3.89859e+09
3.89887e+09
3.89915e+09
3.89945e+09
3.89975e+09
3.90005e+09
3.90033e+09
3.90074e+09
3.90102e+09
3.90147e+09
3.90192e+09
3.90239e+09
3.90285e+09
3.9032e+09
3.90392e+09
3.90441e+09
3.90484e+09
3.90524e+09
3.90562e+09
3.90597e+09
3.90646e+09
3.9068e+09
3.90714e+09
3.90746e+09
3.90778e+09
3.90811e+09
3.9086e+09
3.90889e+09
3.90919e+09
3.90949e+09
3.90979e+09
3.91009e+09
3.91039e+09
3.91069e+09
3.91097e+09
3.91125e+09
3.91155e+09
3.91183e+09
3.91221e+09
3.91252e+09
3.91285e+09
3.9132e+09
3.91351e+09
3.91384e+09
3.91426e+09
3.91454e+09
3.91484e+09
3.91522e+09
3.91551e+09
3.9158e+09
3.9161e+09
3.91647e+09
3.91695e+09
3.91752e+09
3.91799e+09
3.91839e+09
3.91887e+09
3.91944e+09
3.91989e+09
3.92021e+09
3.9205e+09
3.92087e+09
3.92126e+09
3.92163e+09
3.922e+09
3.92238e+09
3.92275e+09
3.92303e+09
3.92339e+09
3.92376e+09
3.92413e+09
3.9245e+09
3.92488e+09
3.92527e+09
3.92568e+09
3.926e+09
3.92628e+09
3.92663e+09
3.92696e+09
3.92724e+09
3.92755e+09
3.92784e+09
3.92812e+09
3.92843e+09
3.92871e+09
3.929e+09
3.92934e+09
3.92973e+09
3.93019e+09
3.93055e+09
3.93084e+09
3.93115e+09
3.93158e+09
3.93218e+09
3.93248e+09
3.93288e+09
3.93327e+09
3.93366e+09
3.93404e+09
3.93431e+09
3.93467e+09
3.93508e+09
3.93545e+09
3.93579e+09
3.93615e+09
3.93652e+09
3.93692e+09
3.9374e+09
3.93803e+09
3.93851e+09
3.93889e+09
3.93929e+09
3.93968e+09
3.9401e+09
3.94048e+09
3.94086e+09
3.94122e+09
3.94152e+09
3.94199e+09
3.94238e+09
3.94277e+09
3.94315e+09
3.94354e+09
3.94391e+09
3.9443e+09
3.94469e+09
3.94508e+09
3.94546e+09
3.94583e+09
3.94622e+09
3.94659e+09
3.94696e+09
3.94735e+09
3.94769e+09
3.94798e+09
3.94826e+09
3.94857e+09
3.94906e+09
3.94948e+09
3.94995e+09
3.95048e+09
3.95092e+09
3.95144e+09
3.95196e+09
3.95231e+09
3.9528e+09
3.95313e+09
3.95363e+09
3.95406e+09
3.95447e+09
3.95485e+09
3.95515e+09
3.95564e+09
3.95606e+09
3.95643e+09
3.95684e+09
3.95729e+09
3.95773e+09
3.95809e+09
3.95844e+09
3.95885e+09
3.95947e+09
3.96003e+09
3.96054e+09
3.96095e+09
3.96139e+09
3.96185e+09
3.96229e+09
3.9628e+09
3.96325e+09
3.9638e+09
3.96426e+09
3.96479e+09
3.96524e+09
3.96564e+09
3.96603e+09
3.96643e+09
3.9668e+09
3.96716e+09
3.9675e+09
3.96786e+09
3.96815e+09
3.96846e+09
3.96891e+09
3.96929e+09
3.96969e+09
3.97007e+09
3.97051e+09
3.97101e+09
3.97146e+09
3.97186e+09
3.97226e+09
3.97267e+09
3.97308e+09
3.97349e+09
3.97395e+09
3.97441e+09
3.97476e+09
3.9753e+09
3.97568e+09
3.97598e+09
3.97626e+09
3.97654e+09
3.97682e+09
3.9771e+09
3.97742e+09
3.9777e+09
3.97797e+09
3.97826e+09
3.97855e+09
3.97884e+09
3.97916e+09
3.97952e+09
3.97994e+09
3.98025e+09
3.98057e+09
3.98086e+09
3.98116e+09
3.98149e+09
3.98189e+09
3.9823e+09
3.98263e+09
3.98318e+09
3.98365e+09
3.98395e+09
3.98423e+09
3.98451e+09
3.9849e+09
3.98524e+09
3.98558e+09
3.9859e+09
3.98623e+09
3.98663e+09
3.98708e+09
3.98753e+09
3.98803e+09
3.98855e+09
3.9891e+09
3.98951e+09
3.98988e+09
3.99028e+09
3.99066e+09
3.99107e+09
3.99137e+09
3.99167e+09
3.99198e+09
3.9923e+09
3.99261e+09
3.99298e+09
3.99342e+09
3.99381e+09
3.99423e+09
3.99462e+09
3.99503e+09
3.99544e+09
3.99608e+09
3.99653e+09
3.99701e+09
3.99747e+09
3.99784e+09
3.99822e+09
3.99867e+09
3.99904e+09
3.99935e+09
3.99963e+09
4.00001e+09
4.00051e+09
4.001e+09
4.00161e+09
4.00229e+09
4.00282e+09
4.00323e+09
4.00371e+09
4.00417e+09
4.00475e+09
4.0053e+09
4.00569e+09
4.00625e+09
4.00678e+09
4.0071e+09
4.0074e+09
4.0077e+09
4.00809e+09
4.00848e+09
4.0088e+09
4.00916e+09
4.00956e+09
4.01001e+09
4.01047e+09
4.01098e+09
4.01137e+09
4.01166e+09
4.01204e+09
4.01238e+09
4.01277e+09
4.01316e+09
4.01356e+09
4.01394e+09
4.01427e+09
4.01459e+09
4.01498e+09
4.01545e+09
4.01587e+09
4.01625e+09
4.01655e+09
4.01686e+09
4.01722e+09
4.01762e+09
4.01802e+09
4.01842e+09
4.01882e+09
4.01923e+09
4.01963e+09
4.02005e+09
4.02044e+09
4.02082e+09
4.02121e+09
4.02161e+09
4.02197e+09
4.02237e+09
4.02276e+09
4.02319e+09
4.02362e+09
4.02401e+09
4.02431e+09
4.02473e+09
4.02521e+09
4.02568e+09
4.02598e+09
4.02639e+09
4.02674e+09
4.02711e+09
4.02749e+09
4.02778e+09
4.02816e+09
4.02858e+09
4.02914e+09
4.02974e+09
4.03027e+09
4.03058e+09
4.03095e+09
4.03127e+09
4.03157e+09
4.03195e+09
4.03235e+09
4.03276e+09
4.0331e+09
4.03351e+09
4.03393e+09
4.03437e+09
4.03502e+09
4.03551e+09
4.03585e+09
4.03616e+09
4.03645e+09
4.0368e+09
4.03718e+09
4.03762e+09
4.03805e+09
4.03835e+09
4.03866e+09
4.03911e+09
4.03949e+09
4.03989e+09
4.04029e+09
4.04069e+09
4.04109e+09
4.04149e+09
4.04194e+09
4.04237e+09
4.04284e+09
4.04332e+09
4.0438e+09
4.04433e+09
4.0448e+09
4.0453e+09
4.04577e+09
4.04628e+09
4.04672e+09
4.0471e+09
4.04748e+09
4.04786e+09
4.04825e+09
4.04864e+09
4.04902e+09
4.0494e+09
4.04981e+09
4.0502e+09
4.0506e+09
4.05099e+09
4.05138e+09
4.05178e+09
4.05221e+09
4.05268e+09
4.05337e+09
4.05376e+09
4.05418e+09
4.05482e+09
4.05533e+09
4.05581e+09
4.05615e+09
4.05644e+09
4.05673e+09
4.05703e+09
4.05731e+09
4.05781e+09
4.05811e+09
4.05841e+09
4.05889e+09
4.05934e+09
4.05986e+09
4.06035e+09
4.06083e+09
4.06131e+09
4.06178e+09
4.06234e+09
4.06274e+09
4.06317e+09
4.06358e+09
4.06395e+09
4.06443e+09
4.06495e+09
4.06545e+09
4.06584e+09
4.06623e+09
4.06662e+09
4.06705e+09
4.06745e+09
4.06785e+09
4.06823e+09
4.06857e+09
4.06886e+09
4.06915e+09
4.06948e+09
4.06986e+09
4.07026e+09
4.07064e+09
4.07102e+09
4.07136e+09
4.07176e+09
4.07205e+09
4.07234e+09
4.07263e+09
4.07292e+09
4.07321e+09
4.0735e+09
4.0738e+09
4.07408e+09
4.07437e+09
4.07466e+09
4.07495e+09
4.07525e+09
4.07553e+09
4.07585e+09
4.07614e+09
4.07642e+09
4.07671e+09
4.077e+09
4.07732e+09
4.0776e+09
4.07791e+09
4.0782e+09
4.07849e+09
4.07879e+09
4.07918e+09
4.07947e+09
4.07976e+09
4.08006e+09
4.08035e+09
4.08063e+09
4.08093e+09
4.08121e+09
4.0815e+09
4.08181e+09
4.08213e+09
4.08256e+09
4.08317e+09
4.08371e+09
4.08404e+09
4.08435e+09
4.08466e+09
4.08502e+09
4.08533e+09
4.08563e+09
4.08593e+09
4.08624e+09
4.08655e+09
4.08688e+09
4.08724e+09
4.08753e+09
4.08783e+09
4.08818e+09
4.0885e+09
4.0888e+09
4.08908e+09
4.08937e+09
4.08967e+09
4.08996e+09
4.09029e+09
4.09059e+09
4.09087e+09
4.09117e+09
4.09146e+09
4.09176e+09
4.09207e+09
4.09238e+09
4.09273e+09
4.09304e+09
4.09334e+09
4.09364e+09
4.09394e+09
4.09424e+09
4.09454e+09
4.09504e+09
4.0955e+09
4.09587e+09
4.09621e+09
4.09661e+09
4.09695e+09
4.09741e+09
4.09787e+09
4.0982e+09
4.0985e+09
4.09881e+09
4.09911e+09
4.09939e+09
4.09971e+09
4.10004e+09
4.10048e+09
4.10078e+09
4.10112e+09
4.10144e+09
4.10173e+09
4.10203e+09
4.10232e+09
4.10262e+09
4.10291e+09
4.10324e+09
4.10362e+09
4.10396e+09
4.10427e+09
4.1046e+09
4.10497e+09
4.1054e+09
4.10573e+09
4.10607e+09
4.1064e+09
4.10712e+09
4.1074e+09
4.10767e+09
4.10794e+09
4.10821e+09
4.10849e+09
4.10877e+09
4.10905e+09
4.10934e+09
4.10968e+09
4.10997e+09
4.1103e+09
4.11059e+09
4.1109e+09
4.11125e+09
4.11159e+09
4.11191e+09
4.11222e+09
4.11259e+09
4.11288e+09
4.11316e+09
4.11345e+09
4.11374e+09
4.11403e+09
4.11436e+09
4.11464e+09
4.11535e+09
4.11588e+09
4.11621e+09
4.11657e+09
4.11684e+09
4.11718e+09
4.11754e+09
4.11792e+09
4.11822e+09
4.11849e+09
4.11877e+09
4.11905e+09
4.11933e+09
4.11972e+09
4.12006e+09
4.12042e+09
4.12078e+09
4.12115e+09
4.12145e+09
4.12172e+09
4.12201e+09
4.12229e+09
4.12257e+09
4.12285e+09
4.12313e+09
4.12345e+09
4.1238e+09
4.12451e+09
4.12487e+09
4.12517e+09
4.12546e+09
4.12578e+09
4.12607e+09
4.12636e+09
4.12663e+09
4.12694e+09
4.12722e+09
4.12749e+09
4.12776e+09
4.12804e+09
4.12841e+09
4.1287e+09
4.12899e+09
4.12929e+09
4.12957e+09
4.12991e+09
4.1302e+09
4.13047e+09
4.13077e+09
4.13107e+09
4.13134e+09
4.13162e+09
4.13198e+09
4.13235e+09
4.13263e+09
4.13291e+09
4.13321e+09
4.13349e+09
4.13378e+09
4.13406e+09
4.13438e+09
4.1347e+09
4.13501e+09
4.13565e+09
4.136e+09
4.13632e+09
4.13663e+09
4.13691e+09
4.1372e+09
4.13747e+09
4.13776e+09
4.13804e+09
4.13835e+09
4.13864e+09
4.13894e+09
4.13923e+09
4.13961e+09
4.13993e+09
4.14024e+09
4.14051e+09
4.1408e+09
4.14107e+09
4.14134e+09
4.14161e+09
4.14189e+09
4.14222e+09
4.14248e+09
4.14277e+09
4.14305e+09
4.14332e+09
4.14359e+09
4.1439e+09
4.14423e+09
4.1445e+09
4.14478e+09
4.14512e+09
4.14539e+09
4.14566e+09
4.14594e+09
4.14623e+09
4.1465e+09
4.14678e+09
4.14708e+09
4.14736e+09
4.14763e+09
4.14794e+09
4.14823e+09
4.14851e+09
4.14879e+09
4.14909e+09
4.14937e+09
4.14966e+09
4.14994e+09
4.15023e+09
4.1505e+09
4.15079e+09
4.15106e+09
4.15135e+09
4.15174e+09
4.15209e+09
4.15237e+09
4.15265e+09
4.15292e+09
4.15322e+09
4.15349e+09
4.15381e+09
4.15409e+09
4.15437e+09
4.15466e+09
4.155e+09
4.15542e+09
4.15569e+09
4.15598e+09
4.15626e+09
4.15654e+09
4.15681e+09
4.15709e+09
4.15741e+09
4.15769e+09
4.15797e+09
4.15824e+09
4.15852e+09
4.15879e+09
4.15907e+09
4.15934e+09
4.15968e+09
4.15995e+09
4.16023e+09
4.1605e+09
4.16077e+09
4.16105e+09
4.16133e+09
4.16161e+09
4.1619e+09
4.16218e+09
4.16245e+09
4.16273e+09
4.16311e+09
4.16338e+09
4.16367e+09
4.16395e+09
4.16423e+09
4.16457e+09
4.16484e+09
4.16512e+09
4.16544e+09
4.16573e+09
4.16603e+09
4.16632e+09
4.16667e+09
4.16696e+09
4.16725e+09
4.16753e+09
4.16782e+09
4.16809e+09
4.16839e+09
4.16867e+09
4.16894e+09
4.16922e+09
4.16949e+09
4.16977e+09
4.17006e+09
4.17034e+09
4.17068e+09
4.17095e+09
4.17126e+09
4.17154e+09
4.17181e+09
4.17213e+09
4.1724e+09
4.17269e+09
4.17298e+09
4.17326e+09
4.17354e+09
4.17381e+09
4.1741e+09
4.17437e+09
4.17464e+09
4.17494e+09
4.17521e+09
4.17549e+09
4.17577e+09
4.17604e+09
4.17634e+09
4.17663e+09
4.17704e+09
4.17733e+09
4.1776e+09
4.17788e+09
4.17816e+09
4.17856e+09
4.17886e+09
4.17919e+09
4.17946e+09
4.17973e+09
4.18003e+09
4.18032e+09
4.1806e+09
4.18088e+09
4.18116e+09
4.18143e+09
4.1817e+09
4.18199e+09
4.18226e+09
4.18255e+09
4.18286e+09
4.18314e+09
4.18342e+09
4.18372e+09
4.184e+09
4.18435e+09
4.18464e+09
4.18492e+09
4.1852e+09
4.18548e+09
4.18576e+09
4.18604e+09
4.18632e+09
4.1866e+09
4.18688e+09
4.18717e+09
4.18745e+09
4.18774e+09
4.18801e+09
4.18829e+09
4.18865e+09
4.18903e+09
4.1893e+09
4.18957e+09
4.18985e+09
4.19016e+09
4.19044e+09
4.1908e+09
4.19113e+09
4.19141e+09
4.19169e+09
4.19196e+09
4.19224e+09
4.19263e+09
4.19293e+09
4.19323e+09
4.19352e+09
4.1938e+09
4.19409e+09
4.19437e+09
4.19467e+09
4.19495e+09
4.19524e+09
4.19554e+09
4.19583e+09
4.19611e+09
4.1964e+09
4.19669e+09
4.19699e+09
4.19733e+09
4.19762e+09
4.1979e+09
4.1983e+09
4.1986e+09
4.19892e+09
4.19921e+09
4.19949e+09
4.19977e+09
4.20009e+09
4.20037e+09
4.20077e+09
4.20142e+09
4.20191e+09
4.2023e+09
4.20266e+09
4.20301e+09
4.20339e+09
4.20377e+09
4.20413e+09
4.2045e+09
4.20488e+09
4.20528e+09
4.20581e+09
4.20619e+09
4.20655e+09
4.20692e+09
4.20729e+09
4.20766e+09
4.20802e+09
4.2084e+09
4.20872e+09
4.20907e+09
4.20944e+09
4.20982e+09
4.21017e+09
4.21052e+09
4.21089e+09
4.21126e+09
4.21162e+09
4.21203e+09
4.21237e+09
4.21274e+09
4.2131e+09
4.21347e+09
4.21386e+09
4.21428e+09
4.21465e+09
4.21502e+09
4.21552e+09
4.21589e+09
4.21627e+09
4.21664e+09
4.21696e+09
4.21734e+09
4.2177e+09
4.21809e+09
4.21845e+09
4.21882e+09
4.21921e+09
4.21957e+09
4.21994e+09
4.22032e+09
4.22068e+09
4.22095e+09
4.22122e+09
4.22149e+09
4.22176e+09
4.22203e+09
4.22233e+09
4.22263e+09
4.22306e+09
4.22343e+09
4.22372e+09
4.224e+09
4.22436e+09
4.22472e+09
4.22501e+09
4.22529e+09
4.22556e+09
4.22583e+09
4.22611e+09
4.22639e+09
4.22666e+09
4.22699e+09
4.22735e+09
4.22772e+09
4.22808e+09
4.22847e+09
4.22882e+09
4.22918e+09
4.22959e+09
4.22993e+09
4.23021e+09
4.23048e+09
4.23075e+09
4.23102e+09
4.2313e+09
4.23157e+09
4.23184e+09
4.23212e+09
4.23238e+09
4.23266e+09
4.233e+09
4.23327e+09
4.23354e+09
4.23381e+09
4.23408e+09
4.23436e+09
4.23463e+09
4.23491e+09
4.23524e+09
4.2355e+09
4.23577e+09
4.23612e+09
4.23648e+09
4.23686e+09
4.23723e+09
4.23755e+09
4.23792e+09
4.23829e+09
4.23865e+09
4.23903e+09
4.23933e+09
4.2396e+09
4.23987e+09
4.24015e+09
4.24041e+09
4.24068e+09
4.24095e+09
4.24123e+09
4.24154e+09
4.24181e+09
4.24219e+09
4.24246e+09
4.24273e+09
4.243e+09
4.24328e+09
4.24356e+09
4.24383e+09
4.24411e+09
4.24439e+09
4.24466e+09
4.24494e+09
4.24523e+09
4.2455e+09
4.24577e+09
4.24605e+09
4.24632e+09
4.2466e+09
4.24687e+09
4.24719e+09
4.24754e+09
4.24781e+09
4.24808e+09
4.24836e+09
4.24863e+09
4.2489e+09
4.24918e+09
4.24947e+09
4.24974e+09
4.25002e+09
4.25029e+09
4.25056e+09
4.25083e+09
4.25111e+09
4.25139e+09
4.25167e+09
4.25194e+09
4.25222e+09
4.25249e+09
4.2528e+09
4.25307e+09
4.25334e+09
4.25362e+09
4.25391e+09
4.25424e+09
4.25455e+09
4.25486e+09
4.25514e+09
4.25543e+09
4.25572e+09
4.256e+09
4.25628e+09
4.25662e+09
4.25695e+09
4.25745e+09
4.25807e+09
4.25837e+09
4.25865e+09
4.25895e+09
4.2593e+09
4.25966e+09
4.25997e+09
4.26025e+09
4.26065e+09
4.26093e+09
4.26127e+09
4.2616e+09
4.26193e+09
4.26224e+09
4.26254e+09
4.26283e+09
4.26319e+09
4.26353e+09
4.26407e+09
4.26449e+09
4.26487e+09
4.26526e+09
4.26563e+09
4.26595e+09
4.26632e+09
4.26673e+09
4.26719e+09
4.26758e+09
4.26797e+09
4.26836e+09
4.26872e+09
4.26909e+09
4.26941e+09
4.26968e+09
4.27002e+09
4.27036e+09
4.27064e+09
4.27091e+09
4.27119e+09
4.27146e+09
4.27173e+09
4.27201e+09
4.27228e+09
4.27264e+09
4.27301e+09
4.27338e+09
4.27375e+09
4.27418e+09
4.27455e+09
4.27492e+09
4.2753e+09
4.27566e+09
4.27602e+09
4.27633e+09
4.27671e+09
4.27708e+09
4.27737e+09
4.27764e+09
4.27796e+09
4.27834e+09
4.27872e+09
4.27909e+09
4.27946e+09
4.27973e+09
4.28004e+09
4.28039e+09
4.28076e+09
4.28113e+09
4.2815e+09
4.28187e+09
4.28229e+09
4.28267e+09
4.28306e+09
4.28343e+09
4.2838e+09
4.28416e+09
4.28449e+09
4.28488e+09
4.28525e+09
4.28564e+09
4.28597e+09
4.28624e+09
4.28656e+09
4.28695e+09
4.2873e+09
4.28766e+09
4.28803e+09
4.2884e+09
4.28876e+09
4.28921e+09
4.28959e+09
4.28996e+09
4.29034e+09
4.29071e+09
4.29105e+09
4.29133e+09
4.2916e+09
4.29187e+09
4.29214e+09
4.29241e+09
4.29269e+09
4.29296e+09
4.29324e+09
4.29351e+09
4.29383e+09
4.2941e+09
4.29438e+09
4.29467e+09
4.295e+09
4.2955e+09
4.29583e+09
4.29611e+09
4.2964e+09
4.29677e+09
4.29714e+09
4.29753e+09
4.29795e+09
4.29829e+09
4.29866e+09
4.29903e+09
4.29941e+09
4.29979e+09
4.30017e+09
4.30054e+09
4.30086e+09
4.30114e+09
4.30141e+09
4.30171e+09
4.30198e+09
4.30232e+09
4.30259e+09
4.30286e+09
4.30313e+09
4.30341e+09
4.30369e+09
4.30398e+09
4.30426e+09
4.30455e+09
4.30483e+09
4.30511e+09
4.30539e+09
4.30567e+09
4.30599e+09
4.30628e+09
4.30662e+09
4.30689e+09
4.30718e+09
4.30746e+09
4.30782e+09
4.30847e+09
4.30882e+09
4.3091e+09
4.30939e+09
4.30966e+09
4.30995e+09
4.31022e+09
4.31049e+09
4.31076e+09
4.31105e+09
4.31134e+09
4.31162e+09
4.31195e+09
4.31235e+09
4.31265e+09
4.313e+09
4.31328e+09
4.31357e+09
4.31385e+09
4.31424e+09
4.31464e+09
4.31503e+09
4.31542e+09
4.3158e+09
4.31622e+09
4.31662e+09
4.31699e+09
4.31738e+09
4.31775e+09
4.31813e+09
4.31859e+09
4.31895e+09
4.31937e+09
4.31973e+09
4.32005e+09
4.32038e+09
4.32065e+09
4.32092e+09
4.32119e+09
4.32146e+09
4.32173e+09
4.322e+09
4.32239e+09
4.32279e+09
4.32316e+09
4.32352e+09
4.32389e+09
4.32426e+09
4.32464e+09
4.32502e+09
4.32543e+09
4.3258e+09
4.32618e+09
4.3266e+09
4.32693e+09
4.3273e+09
4.32757e+09
4.32784e+09
4.32811e+09
4.32839e+09
4.32868e+09
4.32895e+09
4.3293e+09
4.32957e+09
4.32986e+09
4.33013e+09
4.33046e+09
4.33083e+09
4.3312e+09
4.33156e+09
4.33184e+09
4.33212e+09
4.33239e+09
4.33266e+09
4.33295e+09
4.33326e+09
4.33354e+09
4.33381e+09
4.33408e+09
4.33436e+09
4.33465e+09
4.33497e+09
4.33524e+09
4.33556e+09
4.33593e+09
4.33629e+09
4.33665e+09
4.33702e+09
4.33739e+09
4.33775e+09
4.33814e+09
4.33851e+09
4.33887e+09
4.3392e+09
4.33947e+09
4.33978e+09
4.34005e+09
4.34033e+09
4.3406e+09
4.34086e+09
4.34115e+09
4.34142e+09
4.34169e+09
4.34196e+09
4.34223e+09
4.3425e+09
4.34277e+09
4.34304e+09
4.34337e+09
4.34374e+09
4.34411e+09
4.34447e+09
4.34484e+09
4.34521e+09
4.3456e+09
4.3459e+09
4.34618e+09
4.34648e+09
4.34685e+09
4.34722e+09
4.34761e+09
4.34793e+09
4.3482e+09
4.34847e+09
4.34874e+09
4.34901e+09
4.34928e+09
4.34956e+09
4.34983e+09
4.35013e+09
4.3505e+09
4.35087e+09
4.35124e+09
4.35158e+09
4.35185e+09
4.35225e+09
4.35261e+09
4.35299e+09
4.35328e+09
4.35354e+09
4.35382e+09
4.3541e+09
4.35441e+09
4.35478e+09
4.35517e+09
4.35553e+09
4.35591e+09
4.35628e+09
4.35665e+09
4.35702e+09
4.35738e+09
4.35775e+09
4.35812e+09
4.35851e+09
4.35887e+09
4.35919e+09
4.35953e+09
4.3599e+09
4.36028e+09
4.36064e+09
4.36101e+09
4.36137e+09
4.36177e+09
4.36212e+09
4.3624e+09
4.36267e+09
4.36294e+09
4.36321e+09
4.36348e+09
4.36375e+09
4.36401e+09
4.36429e+09
4.36457e+09
4.36488e+09
4.36517e+09
4.36551e+09
4.36579e+09
4.36606e+09
4.36637e+09
4.36663e+09
4.3669e+09
4.36717e+09
4.36744e+09
4.36774e+09
4.36801e+09
4.3683e+09
4.36857e+09
4.36884e+09
4.36911e+09
4.36938e+09
4.36966e+09
4.36995e+09
4.37022e+09
4.37053e+09
4.37089e+09
4.37121e+09
4.37148e+09
4.37175e+09
4.37202e+09
4.3723e+09
4.37258e+09
4.37285e+09
4.37313e+09
4.3734e+09
4.37367e+09
4.37395e+09
4.37422e+09
4.3745e+09
4.37479e+09
4.37506e+09
4.37534e+09
4.37561e+09
4.37588e+09
4.37615e+09
4.37643e+09
4.37678e+09
4.37715e+09
4.37753e+09
4.37788e+09
4.37825e+09
4.37862e+09
4.37899e+09
4.37935e+09
4.37973e+09
4.3801e+09
4.38046e+09
4.38084e+09
4.3812e+09
4.38157e+09
4.38193e+09
4.38229e+09
4.38266e+09
4.38301e+09
4.38328e+09
4.38355e+09
4.38386e+09
4.38417e+09
4.38454e+09
4.38484e+09
4.38516e+09
4.38555e+09
4.38591e+09
4.38629e+09
4.38666e+09
4.38702e+09
4.3874e+09
4.38777e+09
4.38813e+09
4.3885e+09
4.38886e+09
4.38924e+09
4.38961e+09
4.38998e+09
4.39035e+09
4.39072e+09
4.39103e+09
4.3913e+09
4.39165e+09
4.39202e+09
4.39239e+09
4.39276e+09
4.39312e+09
4.39349e+09
4.39386e+09
4.39423e+09
4.3946e+09
4.39497e+09
4.39551e+09
4.39579e+09
4.39606e+09
4.39633e+09
4.3966e+09
4.39687e+09
4.39713e+09
4.3975e+09
4.39782e+09
4.3982e+09
4.39857e+09
4.39893e+09
4.3993e+09
4.39968e+09
4.40005e+09
4.40044e+09
4.40081e+09
4.40118e+09
4.40155e+09
4.40193e+09
4.40225e+09
4.40252e+09
4.40279e+09
4.40306e+09
4.40333e+09
4.4036e+09
4.40389e+09
4.40415e+09
4.40446e+09
4.40473e+09
4.40501e+09
4.40528e+09
4.40555e+09
4.40582e+09
4.40612e+09
4.40638e+09
4.40671e+09
4.40707e+09
4.40736e+09
4.40763e+09
4.40791e+09
4.40819e+09
4.40846e+09
4.40872e+09
4.40899e+09
4.40926e+09
4.40953e+09
4.40981e+09
4.41021e+09
4.41058e+09
4.41095e+09
4.41122e+09
4.41149e+09
4.41177e+09
4.41204e+09
4.41232e+09
4.41259e+09
4.41286e+09
4.41313e+09
4.4134e+09
4.41368e+09
4.41395e+09
4.41424e+09
4.41451e+09
4.41479e+09
4.41506e+09
4.41533e+09
4.41559e+09
4.4159e+09
4.41626e+09
4.41661e+09
4.41698e+09
4.41729e+09
4.41756e+09
4.41783e+09
4.4181e+09
4.41839e+09
4.41867e+09
4.41896e+09
4.41923e+09
4.4195e+09
4.41977e+09
4.42004e+09
4.42032e+09
4.4206e+09
4.42087e+09
4.42114e+09
4.42142e+09
4.42172e+09
4.422e+09
4.42228e+09
4.42258e+09
4.42286e+09
4.42313e+09
4.42341e+09
4.42369e+09
4.42397e+09
4.42425e+09
4.42452e+09
4.42481e+09
4.42509e+09
4.42537e+09
4.42564e+09
4.42591e+09
4.42619e+09
4.42648e+09
4.42677e+09
4.42704e+09
4.42735e+09
4.42762e+09
4.42789e+09
4.42816e+09
4.4285e+09
4.42888e+09
4.42925e+09
4.42961e+09
4.4299e+09
4.43017e+09
4.43043e+09
4.43071e+09
4.43099e+09
4.43126e+09
4.43153e+09
4.4318e+09
4.43207e+09
4.43234e+09
4.43262e+09
4.43289e+09
4.4332e+09
4.43347e+09
4.43383e+09
4.43419e+09
4.43455e+09
4.43493e+09
4.43531e+09
4.43568e+09
4.43604e+09
4.43641e+09
4.43677e+09
4.43713e+09
4.43752e+09
4.43782e+09
4.43809e+09
4.43836e+09
4.43864e+09
4.4389e+09
4.43917e+09
4.43946e+09
4.43985e+09
4.44022e+09
4.44058e+09
4.44094e+09
4.44131e+09
4.44169e+09
4.44205e+09
4.44242e+09
4.44281e+09
4.44317e+09
4.44354e+09
4.44391e+09
4.44427e+09
4.44464e+09
4.44502e+09
4.44546e+09
4.44576e+09
4.44604e+09
4.44631e+09
4.44658e+09
4.4469e+09
4.44722e+09
4.4476e+09
4.44796e+09
4.44834e+09
4.4487e+09
4.44906e+09
4.44943e+09
4.44981e+09
4.45018e+09
4.45054e+09
4.45092e+09
4.45129e+09
4.45165e+09
4.45203e+09
4.45241e+09
4.45277e+09
4.45314e+09
4.45351e+09
4.45388e+09
4.45419e+09
4.45446e+09
4.45475e+09
4.45524e+09
4.45561e+09
4.456e+09
4.45637e+09
4.45673e+09
4.4571e+09
4.4575e+09
4.45788e+09
4.45827e+09
4.45863e+09
4.459e+09
4.45933e+09
4.4597e+09
4.46008e+09
4.46045e+09
4.46081e+09
4.46118e+09
4.46149e+09
4.46176e+09
4.46203e+09
4.46231e+09
4.46258e+09
4.46285e+09
4.46312e+09
4.46338e+09
4.46365e+09
4.46392e+09
4.46419e+09
4.46447e+09
4.46474e+09
4.46502e+09
4.46529e+09
4.46556e+09
4.46582e+09
4.46613e+09
4.46651e+09
4.46687e+09
4.46718e+09
4.46749e+09
4.46783e+09
4.4682e+09
4.46858e+09
4.46894e+09
4.46931e+09
4.46967e+09
4.47005e+09
4.47041e+09
4.47079e+09
4.47116e+09
4.47152e+09
4.47189e+09
4.47226e+09
4.47262e+09
4.473e+09
4.47337e+09
4.47373e+09
4.4741e+09
4.4745e+09
4.47488e+09
4.47527e+09
4.47563e+09
4.47596e+09
4.47623e+09
4.4765e+09
4.47677e+09
4.47706e+09
4.47733e+09
4.47766e+09
4.47803e+09
4.4784e+09
4.47878e+09
4.47916e+09
4.47952e+09
4.47989e+09
4.48021e+09
4.48048e+09
4.48075e+09
4.48107e+09
4.48134e+09
4.48161e+09
4.48187e+09
4.48214e+09
4.48242e+09
4.48269e+09
4.48297e+09
4.48325e+09
4.48352e+09
4.48379e+09
4.48405e+09
4.48432e+09
4.48459e+09
4.48486e+09
4.48515e+09
4.48542e+09
4.48569e+09
4.48595e+09
4.48622e+09
4.48653e+09
4.48681e+09
4.48708e+09
4.48735e+09
4.48762e+09
4.48789e+09
4.48816e+09
4.48842e+09
4.48869e+09
4.48896e+09
4.48922e+09
4.4895e+09
4.48982e+09
4.49009e+09
4.49036e+09
4.49064e+09
4.49093e+09
4.49121e+09
4.49151e+09
4.4918e+09
4.49212e+09
4.4924e+09
4.49267e+09
4.49294e+09
4.49328e+09
4.49366e+09
4.49393e+09
4.49421e+09
4.49448e+09
4.49475e+09
4.49504e+09
4.49531e+09
4.49559e+09
4.49587e+09
4.49614e+09
4.49641e+09
4.49669e+09
4.49696e+09
4.49723e+09
4.49752e+09
4.49791e+09
4.49828e+09
4.49854e+09
4.49881e+09
4.49908e+09
4.49935e+09
4.49963e+09
4.49993e+09
4.5002e+09
4.50048e+09
4.50075e+09
4.50102e+09
4.5013e+09
4.50157e+09
4.50184e+09
4.50213e+09
4.50241e+09
4.50268e+09
4.50295e+09
4.50323e+09
4.50354e+09
4.50381e+09
4.50409e+09
4.50436e+09
4.50464e+09
4.50492e+09
4.5052e+09
4.5055e+09
4.50578e+09
4.50607e+09
4.50635e+09
4.50663e+09
4.5069e+09
4.50717e+09
4.50745e+09
4.50772e+09
4.50799e+09
4.50829e+09
4.50856e+09
4.50883e+09
4.50914e+09
4.50941e+09
4.50969e+09
4.50997e+09
4.51025e+09
4.51053e+09
4.5108e+09
4.51108e+09
4.51135e+09
4.51162e+09
4.51189e+09
4.51221e+09
4.5125e+09
4.51278e+09
4.51305e+09
4.51332e+09
4.51359e+09
4.51387e+09
4.51427e+09
4.51455e+09
4.51486e+09
4.51522e+09
4.5155e+09
4.51577e+09
4.51605e+09
4.51632e+09
4.51661e+09
4.51688e+09
4.51718e+09
4.51746e+09
4.51773e+09
4.518e+09
4.51828e+09
4.51857e+09
4.51884e+09
4.51913e+09
4.51941e+09
4.51969e+09
4.52002e+09
4.5203e+09
4.52067e+09
4.52098e+09
4.5213e+09
4.52157e+09
4.52185e+09
4.5222e+09
4.52248e+09
4.52276e+09
4.52304e+09
4.52332e+09
4.52359e+09
4.52387e+09
4.52418e+09
4.52445e+09
4.52474e+09
4.52504e+09
4.52532e+09
4.52559e+09
4.52587e+09
4.52614e+09
4.52645e+09
4.52672e+09
4.52701e+09
4.52728e+09
4.52757e+09
4.52784e+09
4.52811e+09
4.52839e+09
4.52867e+09
4.52895e+09
4.52923e+09
4.5295e+09
4.52978e+09
4.53006e+09
4.53033e+09
4.53061e+09
4.5309e+09
4.53119e+09
4.53147e+09
4.53174e+09
4.53206e+09
4.53233e+09
4.5326e+09
4.53287e+09
4.53316e+09
4.53343e+09
4.53371e+09
4.53398e+09
4.53426e+09
4.53454e+09
4.53481e+09
4.53509e+09
4.53542e+09
4.53569e+09
4.53597e+09
4.53625e+09
4.53652e+09
4.5368e+09
4.53707e+09
4.53735e+09
4.53766e+09
4.53793e+09
4.53821e+09
4.53848e+09
4.53876e+09
4.53909e+09
4.53948e+09
4.53975e+09
4.54003e+09
4.54032e+09
4.54059e+09
4.54086e+09
4.54114e+09
4.54141e+09
4.5417e+09
4.54197e+09
4.54224e+09
4.54253e+09
4.5428e+09
4.54308e+09
4.54339e+09
4.54366e+09
4.54394e+09
4.54422e+09
4.54449e+09
4.54477e+09
4.54506e+09
4.54534e+09
4.54561e+09
4.5459e+09
4.54617e+09
4.54645e+09
4.54672e+09
4.547e+09
4.54727e+09
4.54754e+09
4.54783e+09
4.54811e+09
4.54838e+09
4.54866e+09
4.54896e+09
4.54923e+09
4.5495e+09
4.54978e+09
4.55007e+09
4.55034e+09
4.55062e+09
4.55089e+09
4.55117e+09
4.55144e+09
4.55172e+09
4.55201e+09
4.5523e+09
4.55258e+09
4.55285e+09
4.55312e+09
4.5534e+09
4.55367e+09
4.554e+09
4.55434e+09
4.55464e+09
4.55491e+09
4.55519e+09
4.55547e+09
4.55574e+09
4.55601e+09
4.5563e+09
4.55657e+09
4.55684e+09
4.55712e+09
4.5574e+09
4.55768e+09
4.55796e+09
4.55824e+09
4.55852e+09
4.55883e+09
4.5592e+09
4.55957e+09
4.55994e+09
4.56023e+09
4.56055e+09
4.56082e+09
4.56111e+09
4.56147e+09
4.56176e+09
4.56202e+09
4.56229e+09
4.56257e+09
4.56287e+09
4.56315e+09
4.56342e+09
4.56369e+09
4.56398e+09
4.56428e+09
4.56457e+09
4.56485e+09
4.56513e+09
4.5654e+09
4.56573e+09
4.566e+09
4.56631e+09
4.56665e+09
4.56705e+09
4.56749e+09
4.56787e+09
4.56819e+09
4.56848e+09
4.56876e+09
4.56902e+09
4.5693e+09
4.56958e+09
4.56988e+09
4.57017e+09
4.57044e+09
4.57071e+09
4.571e+09
4.57128e+09
4.57156e+09
4.5719e+09
4.5722e+09
4.57253e+09
4.57281e+09
4.57311e+09
4.57338e+09
4.57366e+09
4.57394e+09
4.57422e+09
4.57449e+09
4.57488e+09
4.57536e+09
4.57573e+09
4.57611e+09
4.57647e+09
4.57684e+09
4.57722e+09
4.5775e+09
4.57777e+09
4.57808e+09
4.57845e+09
4.57882e+09
4.57913e+09
4.57949e+09
4.57981e+09
4.58016e+09
4.58044e+09
4.58071e+09
4.58098e+09
4.58127e+09
4.58154e+09
4.58182e+09
4.58214e+09
4.58243e+09
4.58273e+09
4.583e+09
4.58328e+09
4.58357e+09
4.58385e+09
4.58413e+09
4.5844e+09
4.58469e+09
4.58506e+09
4.58537e+09
4.58567e+09
4.58595e+09
4.58623e+09
4.58652e+09
4.58679e+09
4.58707e+09
4.58736e+09
4.58772e+09
4.58809e+09
4.58846e+09
4.58882e+09
4.5891e+09
4.58937e+09
4.58967e+09
4.58995e+09
4.59024e+09
4.59051e+09
4.5908e+09
4.59119e+09
4.59149e+09
4.59178e+09
4.59206e+09
4.59235e+09
4.59262e+09
4.5929e+09
4.59322e+09
4.59355e+09
4.59392e+09
4.59419e+09
4.59447e+09
4.59474e+09
4.59503e+09
4.59534e+09
4.59562e+09
4.59591e+09
4.59619e+09
4.59646e+09
4.59674e+09
4.59706e+09
4.59733e+09
4.59761e+09
4.59788e+09
4.59818e+09
4.59847e+09
4.59875e+09
4.59902e+09
4.5993e+09
4.59958e+09
4.59985e+09
4.60015e+09
4.60042e+09
4.6007e+09
4.60097e+09
4.60125e+09
4.60152e+09
4.6018e+09
4.60207e+09
4.60238e+09
4.60271e+09
4.60298e+09
4.60326e+09
4.60353e+09
4.6038e+09
4.60408e+09
4.60437e+09
4.60465e+09
4.60499e+09
4.60527e+09
4.60558e+09
4.60586e+09
4.60615e+09
4.60648e+09
4.60675e+09
4.60703e+09
4.60734e+09
4.60763e+09
4.6079e+09
4.60818e+09
4.6085e+09
4.60881e+09
4.60918e+09
4.60949e+09
4.60978e+09
4.6101e+09
4.61039e+09
4.61067e+09
4.61095e+09
4.61123e+09
4.61157e+09
4.61189e+09
4.61216e+09
4.61243e+09
4.61271e+09
4.61299e+09
4.61326e+09
4.61354e+09
4.6139e+09
4.61426e+09
4.61458e+09
4.61486e+09
4.61514e+09
4.61551e+09
4.61587e+09
4.61622e+09
4.61651e+09
4.61679e+09
4.61706e+09
4.61733e+09
4.61762e+09
4.61789e+09
4.61816e+09
4.61846e+09
4.61878e+09
4.61906e+09
4.61934e+09
4.61962e+09
4.6199e+09
4.62018e+09
4.6205e+09
4.62077e+09
4.62116e+09
4.62153e+09
4.62188e+09
4.62215e+09
4.62242e+09
4.62269e+09
4.62298e+09
4.62326e+09
4.62354e+09
4.62381e+09
4.62409e+09
4.6244e+09
4.62477e+09
4.6251e+09
4.62537e+09
4.62564e+09
4.62592e+09
4.62621e+09
4.62652e+09
4.62679e+09
4.62708e+09
4.62736e+09
4.62763e+09
4.62791e+09
4.62818e+09
4.62847e+09
4.62875e+09
4.62902e+09
4.6293e+09
4.62957e+09
4.62985e+09
4.63013e+09
4.63041e+09
4.63068e+09
4.63096e+09
4.63124e+09
4.63152e+09
4.6318e+09
4.63211e+09
4.63238e+09
4.63266e+09
4.63294e+09
4.63321e+09
4.63349e+09
4.63377e+09
4.63405e+09
4.63432e+09
4.6346e+09
4.63488e+09
4.63528e+09
4.63559e+09
4.63586e+09
4.63613e+09
4.6364e+09
4.6367e+09
4.63702e+09
4.63738e+09
4.63777e+09
4.63816e+09
4.63853e+09
4.63889e+09
4.63923e+09
4.63959e+09
4.63997e+09
4.64035e+09
4.64071e+09
4.64108e+09
4.64145e+09
4.64183e+09
4.64214e+09
4.64242e+09
4.64278e+09
4.64315e+09
4.64347e+09
4.64385e+09
4.64422e+09
4.64459e+09
4.64497e+09
4.64536e+09
4.64572e+09
4.64605e+09
4.64642e+09
4.64679e+09
4.64713e+09
4.64743e+09
4.648e+09
4.64843e+09
4.6488e+09
4.64912e+09
4.64949e+09
4.64988e+09
4.6503e+09
4.6507e+09
4.65107e+09
4.65146e+09
4.65183e+09
4.6522e+09
4.65247e+09
4.65288e+09
4.65325e+09
4.65361e+09
4.65398e+09
4.65442e+09
4.6548e+09
4.65509e+09
4.65537e+09
4.65564e+09
4.65592e+09
4.6562e+09
4.65648e+09
4.65676e+09
4.65704e+09
4.65731e+09
4.65758e+09
4.65786e+09
4.65814e+09
4.65851e+09
4.65889e+09
4.65921e+09
4.65953e+09
4.65989e+09
4.66026e+09
4.66061e+09
4.66089e+09
4.66124e+09
4.66164e+09
4.66201e+09
4.66239e+09
4.66277e+09
4.66314e+09
4.66351e+09
4.66388e+09
4.66425e+09
4.66462e+09
4.665e+09
4.66537e+09
4.66573e+09
4.6661e+09
4.66642e+09
4.6667e+09
4.66699e+09
4.66727e+09
4.66754e+09
4.66781e+09
4.66808e+09
4.66849e+09
4.66887e+09
4.66924e+09
4.6696e+09
4.66997e+09
4.67034e+09
4.6707e+09
4.67108e+09
4.67145e+09
4.67181e+09
4.67218e+09
4.67254e+09
4.67291e+09
4.67348e+09
4.67388e+09
4.67425e+09
4.67461e+09
4.67498e+09
4.67542e+09
4.67579e+09
4.67616e+09
4.67653e+09
4.6769e+09
4.67731e+09
4.67769e+09
4.67799e+09
4.67828e+09
4.67855e+09
4.67882e+09
4.67909e+09
4.67938e+09
4.67965e+09
4.67993e+09
4.68026e+09
4.68054e+09
4.68082e+09
4.68113e+09
4.68151e+09
4.68187e+09
4.68229e+09
4.68266e+09
4.68306e+09
4.68342e+09
4.68376e+09
4.68413e+09
4.68449e+09
4.68487e+09
4.68524e+09
4.68558e+09
4.68586e+09
4.68613e+09
4.6864e+09
4.68667e+09
4.687e+09
4.68728e+09
4.6876e+09
4.68798e+09
4.68846e+09
4.68884e+09
4.68921e+09
4.68959e+09
4.68996e+09
4.69033e+09
4.69071e+09
4.69107e+09
4.69144e+09
4.69182e+09
4.69218e+09
4.69255e+09
4.69293e+09
4.6933e+09
4.69367e+09
4.69405e+09
4.69436e+09
4.69463e+09
4.6949e+09
4.69518e+09
4.69546e+09
4.69574e+09
4.69602e+09
4.69629e+09
4.69656e+09
4.69683e+09
4.6971e+09
4.69745e+09
4.69773e+09
4.69811e+09
4.69848e+09
4.69878e+09
4.69905e+09
4.69932e+09
4.69962e+09
4.69993e+09
4.70029e+09
4.70057e+09
4.70085e+09
4.70112e+09
4.7014e+09
4.70168e+09
4.70195e+09
4.70229e+09
4.7026e+09
4.70291e+09
4.70328e+09
4.70359e+09
4.70386e+09
4.70413e+09
4.70442e+09
4.70469e+09
4.70497e+09
4.70524e+09
4.70552e+09
4.70579e+09
4.7061e+09
4.7064e+09
4.70674e+09
4.70701e+09
4.70728e+09
4.70756e+09
4.70784e+09
4.70817e+09
4.70853e+09
4.7089e+09
4.70927e+09
4.70954e+09
4.70985e+09
4.71022e+09
4.71053e+09
4.71087e+09
4.71115e+09
4.71142e+09
4.7117e+09
4.71197e+09
4.71234e+09
4.71262e+09
4.71289e+09
4.71318e+09
4.71344e+09
4.71371e+09
4.71398e+09
4.71425e+09
4.71452e+09
4.71481e+09
4.71508e+09
4.71538e+09
4.71565e+09
4.71592e+09
4.7162e+09
4.71647e+09
4.71675e+09
4.71702e+09
4.71729e+09
4.71756e+09
4.71787e+09
4.71816e+09
4.71845e+09
4.71872e+09
4.71901e+09
4.71928e+09
4.71956e+09
4.71985e+09
4.72016e+09
4.72044e+09
4.72071e+09
4.721e+09
4.72128e+09
4.72155e+09
4.72183e+09
4.7221e+09
4.72237e+09
4.72265e+09
4.72293e+09
4.72322e+09
4.72353e+09
4.72382e+09
4.7241e+09
4.72438e+09
4.72465e+09
4.72494e+09
4.72524e+09
4.72553e+09
4.72586e+09
4.72623e+09
4.7266e+09
4.72694e+09
4.72722e+09
4.72749e+09
4.72781e+09
4.72816e+09
4.72844e+09
4.72871e+09
4.72898e+09
4.72925e+09
4.72956e+09
4.72986e+09
4.73025e+09
4.73057e+09
4.73087e+09
4.73115e+09
4.7315e+09
4.7318e+09
4.73211e+09
4.73239e+09
4.73269e+09
4.73297e+09
4.73326e+09
4.73356e+09
4.7339e+09
4.73453e+09
4.73528e+09
4.73559e+09
4.73589e+09
4.73619e+09
4.73651e+09
4.73678e+09
4.73705e+09
4.73733e+09
4.73762e+09
4.7379e+09
4.73818e+09
4.73846e+09
4.73874e+09
4.73901e+09
4.73931e+09
4.73969e+09
4.74007e+09
4.74044e+09
4.7408e+09
4.74117e+09
4.7415e+09
4.74178e+09
4.74205e+09
4.74232e+09
4.74268e+09
4.74295e+09
4.74322e+09
4.74349e+09
4.74378e+09
4.74405e+09
4.74432e+09
4.74459e+09
4.74491e+09
4.74534e+09
4.74566e+09
4.74594e+09
4.74623e+09
4.7465e+09
4.74678e+09
4.74705e+09
4.74732e+09
4.7476e+09
4.74788e+09
4.74816e+09
4.74847e+09
4.74875e+09
4.74905e+09
4.74933e+09
4.7496e+09
4.74992e+09
4.75038e+09
4.75077e+09
4.7511e+09
4.75139e+09
4.75175e+09
4.75202e+09
4.7523e+09
4.75258e+09
4.75287e+09
4.75315e+09
4.75342e+09
4.75369e+09
4.75397e+09
4.75426e+09
4.75458e+09
4.75485e+09
4.75516e+09
4.75544e+09
4.75572e+09
4.756e+09
4.75628e+09
4.75656e+09
4.75683e+09
4.75711e+09
4.75738e+09
4.75766e+09
4.75793e+09
4.7582e+09
4.75849e+09
4.75876e+09
4.75903e+09
4.75931e+09
4.75958e+09
4.75986e+09
4.76019e+09
4.76048e+09
4.76076e+09
4.76103e+09
4.76131e+09
4.76158e+09
4.76185e+09
4.76213e+09
4.7624e+09
4.76268e+09
4.76295e+09
4.76323e+09
4.76357e+09
4.76394e+09
4.76421e+09
4.76449e+09
4.76478e+09
4.76506e+09
4.76534e+09
4.76562e+09
4.76592e+09
4.7662e+09
4.76647e+09
4.76676e+09
4.76713e+09
4.76749e+09
4.76785e+09
4.76816e+09
4.76844e+09
4.76873e+09
4.76902e+09
4.76929e+09
4.76957e+09
4.76985e+09
4.77018e+09
4.77045e+09
4.77073e+09
4.77106e+09
4.77134e+09
4.77161e+09
4.77192e+09
4.77218e+09
4.77246e+09
4.77273e+09
4.77301e+09
4.77329e+09
4.77356e+09
4.77383e+09
4.77411e+09
4.77438e+09
4.77465e+09
4.77493e+09
4.77527e+09
4.77555e+09
4.77586e+09
4.77623e+09
4.7766e+09
4.77696e+09
4.77744e+09
4.77772e+09
4.77814e+09
4.77852e+09
4.77888e+09
4.77925e+09
4.77962e+09
4.77995e+09
4.78022e+09
4.78051e+09
4.78088e+09
4.78125e+09
4.78163e+09
4.78199e+09
4.78229e+09
4.78257e+09
4.78285e+09
4.78312e+09
4.78339e+09
4.78367e+09
4.78395e+09
4.78422e+09
4.78453e+09
4.78479e+09
4.78507e+09
4.78534e+09
4.78563e+09
4.78597e+09
4.78635e+09
4.78672e+09
4.78708e+09
4.78745e+09
4.78774e+09
4.78801e+09
4.78828e+09
4.78855e+09
4.78882e+09
4.78909e+09
4.78936e+09
4.78972e+09
4.79007e+09
4.79034e+09
4.79065e+09
4.79091e+09
4.79118e+09
4.79145e+09
4.79172e+09
4.79201e+09
4.79228e+09
4.79256e+09
4.79284e+09
4.79311e+09
4.79338e+09
4.79366e+09
4.79394e+09
4.79421e+09
4.79449e+09
4.79476e+09
4.79504e+09
4.79531e+09
4.79559e+09
4.79587e+09
4.79627e+09
4.79664e+09
4.797e+09
4.79736e+09
4.79763e+09
4.79791e+09
4.79819e+09
4.79847e+09
4.79874e+09
4.79902e+09
4.79938e+09
4.79975e+09
4.80014e+09
4.8005e+09
4.80088e+09
4.80125e+09
4.80161e+09
4.80198e+09
4.80236e+09
4.80273e+09
4.80303e+09
4.8033e+09
4.80357e+09
4.80384e+09
4.80412e+09
4.80443e+09
4.8047e+09
4.80498e+09
4.80526e+09
4.80553e+09
4.8058e+09
4.80607e+09
4.80635e+09
4.80662e+09
4.80689e+09
4.80716e+09
4.80744e+09
4.80771e+09
4.80799e+09
4.80827e+09
4.8086e+09
4.80889e+09
4.80925e+09
4.80959e+09
4.80988e+09
4.81018e+09
4.81054e+09
4.81081e+09
4.81109e+09
4.81136e+09
4.81167e+09
4.81201e+09
4.81232e+09
4.81261e+09
4.81296e+09
4.81324e+09
4.81351e+09
4.81379e+09
4.81416e+09
4.81443e+09
4.81475e+09
4.81505e+09
4.81546e+09
4.81574e+09
4.81601e+09
4.8163e+09
4.81657e+09
4.81686e+09
4.81714e+09
4.81748e+09
4.81784e+09
4.81817e+09
4.81844e+09
4.81873e+09
4.81902e+09
4.81935e+09
4.81969e+09
4.81998e+09
4.82027e+09
4.82055e+09
4.82087e+09
4.82116e+09
4.82143e+09
4.8217e+09
4.82198e+09
4.82227e+09
4.82255e+09
4.82283e+09
4.82312e+09
4.82339e+09
4.82366e+09
4.82394e+09
4.82421e+09
4.82449e+09
4.82482e+09
4.8251e+09
4.82538e+09
4.82566e+09
4.82593e+09
4.82621e+09
4.82652e+09
4.82679e+09
4.82706e+09
4.82734e+09
4.82762e+09
4.82789e+09
4.82818e+09
4.82846e+09
4.82873e+09
4.829e+09
4.82928e+09
4.82956e+09
4.82984e+09
4.83012e+09
4.83039e+09
4.83066e+09
4.83094e+09
4.83125e+09
4.83163e+09
4.832e+09
4.83234e+09
4.83271e+09
4.83308e+09
4.83338e+09
4.83366e+09
4.83393e+09
4.8342e+09
4.83454e+09
4.83491e+09
4.83526e+09
4.83553e+09
4.83581e+09
4.83609e+09
4.83636e+09
4.83663e+09
4.8369e+09
4.83717e+09
4.83744e+09
4.83772e+09
4.83799e+09
4.83832e+09
4.83859e+09
4.83889e+09
4.83927e+09
4.83963e+09
4.83998e+09
4.84035e+09
4.84068e+09
4.84099e+09
4.84127e+09
4.84158e+09
4.8419e+09
4.84218e+09
4.84245e+09
4.84273e+09
4.84303e+09
4.84332e+09
4.8436e+09
4.84387e+09
4.84417e+09
4.84447e+09
4.84475e+09
4.84503e+09
4.84531e+09
4.8456e+09
4.84597e+09
4.84636e+09
4.84672e+09
4.84705e+09
4.84734e+09
4.84761e+09
4.84788e+09
4.84817e+09
4.84845e+09
4.84873e+09
4.849e+09
4.84928e+09
4.84956e+09
4.84984e+09
4.85012e+09
4.85047e+09
4.85081e+09
4.85108e+09
4.85136e+09
4.85165e+09
4.85193e+09
4.85222e+09
4.85251e+09
4.85287e+09
4.85316e+09
4.85351e+09
4.85378e+09
4.85406e+09
4.85435e+09
4.85464e+09
4.85492e+09
4.8552e+09
4.85548e+09
4.85575e+09
4.85603e+09
4.85637e+09
4.85672e+09
4.85699e+09
4.85726e+09
4.85754e+09
4.85781e+09
4.85809e+09
4.85838e+09
4.85871e+09
4.85908e+09
4.85938e+09
4.85966e+09
4.85996e+09
4.86034e+09
4.86071e+09
4.86109e+09
4.86145e+09
4.86181e+09
4.86218e+09
4.86254e+09
4.86287e+09
4.86314e+09
4.86343e+09
4.8638e+09
4.86416e+09
4.86453e+09
4.86491e+09
4.86528e+09
4.86565e+09
4.866e+09
4.86638e+09
4.86675e+09
4.86712e+09
4.86749e+09
4.86786e+09
4.86824e+09
4.86861e+09
4.86898e+09
4.86936e+09
4.8697e+09
4.87004e+09
4.87031e+09
4.87058e+09
4.87085e+09
4.87113e+09
4.87142e+09
4.87169e+09
4.87196e+09
4.87224e+09
4.87251e+09
4.87278e+09
4.87306e+09
4.87339e+09
4.87376e+09
4.87414e+09
4.87451e+09
4.87488e+09
4.87531e+09
4.87568e+09
4.87606e+09
4.87653e+09
4.87691e+09
4.8773e+09
4.87768e+09
4.87805e+09
4.87843e+09
4.87879e+09
4.87916e+09
4.87953e+09
4.87991e+09
4.88019e+09
4.88052e+09
4.88089e+09
4.88125e+09
4.88158e+09
4.88185e+09
4.88212e+09
4.8824e+09
4.88277e+09
4.88313e+09
4.88345e+09
4.88373e+09
4.88409e+09
4.88446e+09
4.88483e+09
4.8852e+09
4.8856e+09
4.88598e+09
4.88634e+09
4.88672e+09
4.88708e+09
4.88745e+09
4.88782e+09
4.88822e+09
4.88859e+09
4.88895e+09
4.88932e+09
4.88969e+09
4.89008e+09
4.89045e+09
4.89076e+09
4.89107e+09
4.89141e+09
4.89168e+09
4.89195e+09
4.89223e+09
4.8925e+09
4.89277e+09
4.89304e+09
4.89331e+09
4.89367e+09
4.89404e+09
4.89441e+09
4.89479e+09
4.89516e+09
4.89553e+09
4.8959e+09
4.89628e+09
4.89666e+09
4.89704e+09
4.89747e+09
4.89784e+09
4.89823e+09
4.8986e+09
4.89898e+09
4.89938e+09
4.89976e+09
4.90014e+09
4.90053e+09
4.9009e+09
4.90121e+09
4.90148e+09
4.90184e+09
4.9022e+09
4.90258e+09
4.90295e+09
4.90332e+09
4.90369e+09
4.90406e+09
4.90444e+09
4.90483e+09
4.9052e+09
4.90557e+09
4.90586e+09
4.90614e+09
4.90641e+09
4.90674e+09
4.90711e+09
4.90747e+09
4.90783e+09
4.9082e+09
4.90858e+09
4.90895e+09
4.90932e+09
4.90967e+09
4.90999e+09
