29.823
39.992
20.733
39.18
51.614
21.686
33.121
32.498
24.028
22.615
28.511
42.48
29.891
23.061
21.277
23.006
28.958
35.265
59.753
135.496
124.446
138.347
131.35
21.981
20.665
20.418
22.948
48.768
33.51
54.407
20.58
21.665
21.136
22.617
30.813
21.213
21.495
23.579
21.976
21.565
21.586
36.052
20.86
21.027
31.875
22.451
20.839
38.61
23.02
20.707
20.686
21.594
22.42
29.326
20.966
20.975
23.393
20.686
22.756
23.096
21.269
22.35
20.871
139.53
54.133
51.642
22.896
22.12
20.582
22.809
21.213
20.705
34.809
21.183
22.806
24.216
22.035
26.874
21.92
20.898
31.757
20.513
20.986
22.221
20.923
39.277
25.219
25.28
21.028
21.684
22.141
22.028
21.136
23.844
88.721
56.898
66.277
22.623
20.581
23.056
21.275
32.187
33.689
23.482
21.656
21.167
38.851
20.805
43.031
21.62
21.255
20.728
23.905
22.73
21.668
22.199
21.88
29.365
23.837
23.218
28.931
21.116
21.335
21.638
22.524
25.632
27.972
30.832
21.247
21.038
23.1
20.962
23.322
21.999
20.502
29.237
21.689
22.217
22.705
21.457
23.562
20.464
23.745
20.89
26.368
20.719
21.208
22.75
23.861
20.634
21.552
39.439
29.75
21.308
21.267
20.64
34.289
113.51
59.815
29.478
20.523
20.87
27.16
22.072
22.103
21.717
31.708
21.388
21.087
20.856
20.542
35.832
25.381
21.551
22.579
22.857
22.13
21.221
20.803
21.005
20.194
21.859
20.874
38.461
28.966
21.966
22.479
21.866
126.285
41.311
62.89
21.865
20.204
21.37
20.304
21.891
20.315
22.232
22.338
21.421
23.768
20.205
22.94
20.374
19.967
22.38
21.069
21.165
20.483
21.344
30.936
21.622
29.129
30.259
22.323
24.875
20.504
20.653
20.733
20.29
25.73
70.01
81.145
54.798
21.335
21.736
21.744
20.728
20.516
23.841
21.01
23.912
21.973
20.267
21.085
20.424
22.517
21.848
20.288
25.237
20.17
29.127
20.104
21.718
20.109
31.808
25.233
20.616
21.056
24.159
22.624
29.417
25.924
20.669
21.143
20.586
20.55
21.669
20.647
23.227
21.619
22.004
20.271
22.816
25.443
61.058
20.59
28.026
26.332
21.636
20.433
20.01
19.939
22.263
23.54
20.387
22.781
145.211
33.898
57.529
28.974
21.536
33.214
26.374
25.725
20.678
21.051
22.092
20.737
21.474
31.927
24.391
24.833
20.899
20.479
21.45
20.852
25.887
34.215
37.579
20.233
20.324
22.905
24.504
21.449
30.441
21.749
20.525
23.03
20.532
38.42
20.375
23.326
22.184
29.412
20.125
36.13
20.631
23.234
34.567
23.123
20.53
22.745
20.471
20.948
20.166
20.135
21.46
26.57
37.528
21.261
25.173
29.075
30.675
22.922
20.702
23.565
22.725
42.486
29.326
30.41
21.192
22.948
21.306
20.691
20.649
20.202
22.635
21.639
21.533
29.286
20.15
24.537
106.757
39.347
66.6
23.042
30.767
20.281
20.882
29.299
22.374
21.248
22.938
20.423
20.89
21.163
26.233
22.367
20.455
20.198
20.691
21.613
20.753
22.246
20.586
24.069
20.671
24.608
20.415
20.413
24.65
23.075
24.236
20.699
21.759
28.884
20.18
21.062
20.519
20.168
20.647
22.382
22.393
21.385
20.333
20.926
21.291
25.789
23.062
31.428
24.521
21.376
20.718
20.312
20.979
22.028
20.611
23.165
25.663
21.334
21.738
21.952
21.036
30.959
20.572
39.827
51.982
21.857
20.518
23.364
24.319
30.129
20.769
68.848
91.075
61.96
21.319
20.312
21.135
20.053
22.059
24.726
20.523
20.664
22.023
31.101
20.499
21.815
22.033
21.446
20.846
20.463
19.985
20.715
24.996
21.237
20.189
21.444
20.253
30.086
22.1
20.692
24.682
21.843
21.675
62.663
97.811
52.688
29.608
19.931
21.195
20.202
21.881
21.865
20.899
24.21
20.752
21.169
22.286
21.228
21.215
21.47
20.638
30.329
21.171
20.227
20.346
21.046
21.375
22.386
22.837
23.01
24.221
25.032
20.548
20.694
20.726
21.776
22.98
20.646
21.241
20.29
23.666
21.405
21.767
24.019
20.331
23.127
23.036
22.632
20.615
21.032
29.19
31.44
20.39
20.817
20.152
23.17
24.435
80.983
79.063
65.246
21.889
20.548
31.883
20.117
21.117
21.784
22.738
21.135
28.891
37.874
21.472
21.381
22.386
20.864
23.556
21.904
20.818
26.655
20.698
29.942
21.561
20.263
20.391
21.585
20.283
22.347
25.48
21.002
22.557
102.14
97.552
68.939
36.666
33.949
42.724
52.937
42.402
21.647
69.717
30.882
32.644
29.67
31.215
22.853
40.529
25.451
22.577
59.632
39.412
22.53
25.132
25.226
20.67
23.837
27.421
20.889
25.176
21.669
25.215
88.037
49.357
70.48
22.023
20.19
21.107
20.636
20.9
22.425
36.228
170.865
113.274
27.386
57.566
29.064
33.377
23.08
44.898
22.52
23.272
24.566
20.139
22.548
20.659
29.304
24.004
26.926
39.166
42.214
22.426
25.227
20.467
24.617
22.114
29.396
25.573
23.028
20.861
22.174
22.317
20.757
28.894
21.456
46.56
20.142
33.292
31.435
21.986
34.693
23.657
25.733
20.342
21.824
24.777
22.191
20.353
20.643
25.163
33.922
20.479
21.449
20.549
21.315
20.709
21.907
20.536
24.545
38.209
35.7
95.124
55.183
62.517
20.323
21.49
20.319
20.112
20.225
25.68
21.356
31.2
20.748
21.017
27.095
90.329
37.709
23.125
29.784
29.019
47.76
20.96
22.726
21.226
23.425
20.952
20.894
22.337
22.416
20.62
24.537
21.857
25.922
136.69
63.486
25.417
21.854
20.056
21.611
20.361
43.037
20.809
32.409
21.272
20.872
21.342
20.784
21.383
21.372
22.082
20.689
27.915
21.102
21.226
30.375
23.04
22.781
20.81
24.218
20.346
29.65
20.931
21.099
21.012
23.652
20.318
20.151
20.894
21.809
20.902
21.439
20.547
21.188
21.393
111.159
55.163
24.208
20.883
22.299
22.523
39.659
22.995
20.649
33.121
21.516
20.989
20.859
26.204
21.161
31.177
25.269
21.15
20.536
21.829
20.41
19.977
24.843
22.226
29.332
21.894
52.158
23.666
21.675
26.602
29.592
43.386
102.658
64.296
23.487
21.672
20.165
20.736
23.113
20.331
26.497
21.06
23.673
20.993
20.251
20.672
37.192
22.897
21.632
23.753
21.246
21.584
21.541
20.317
21.424
20.821
21.173
21.094
20.884
20.451
21.771
33.101
24.547
21.768
23.228
20.936
41.304
23.898
20.728
29.954
20.352
21.948
30.989
20.398
20.335
20.056
22.012
25.62
21.006
20.624
21.726
20.119
24.296
21.695
23.925
44.313
102.549
82.052
20.291
26.884
28.858
21.723
20.99
20.338
20.587
20.19
23.388
20.682
26.66
20.308
23.573
24.294
27.549
28.753
20.367
20.243
27.387
21.033
34.778
20.11
22.156
22.165
20.689
22.793
20.561
23.341
23.326
22.409
38.726
37.53
21.309
22.791
22.128
20.515
21.176
29.43
37.52
23.824
21.18
22.828
21.238
20.703
21.006
20.715
27.773
21.334
20.868
21.738
20.521
20.364
20.542
21.527
20.181
21.179
24.359
41.945
33.465
148.255
35.132
65.424
21.981
20.701
20.878
20.485
23.991
20.595
20.184
31.13
21.307
24.512
27.976
20.278
21.062
25.098
20.762
36.138
31.09
22.025
31.044
20.873
20.642
20.569
21.728
22.043
28.891
29.888
24.832
34.978
20.798
27.434
20.812
20.442
20.734
20.598
22.44
21.922
28.93
21.081
23.132
21.998
19.995
20.78
23.351
20.704
20.738
20.496
24.091
20.948
22.701
22.32
20.243
22.843
20.165
22.834
28.149
20.619
33.69
21.083
22.677
28.916
21.04
20.371
21.769
20.989
21.889
21.263
22.836
20.633
21.726
75.796
44.38
60.75
20.537
23.171
20.839
20.745
34.321
25.133
20.553
20.648
20.469
32.055
22.844
26.366
20.046
23.456
23.134
20.449
21.669
21.133
20.6
21.651
20.054
23.614
22.309
23.538
25.826
24.608
27.415
21.148
21.162
154.137
78.394
24.091
20.412
21.041
20.923
23.088
20.554
21.842
20.749
31.555
21.29
24.045
22.105
21.53
43.745
21.085
20.609
20.234
20.615
20.419
24.332
22.29
21.359
30.402
23.506
29.705
21.712
30.071
25.822
37.903
29.395
20.26
26.332
29.676
40.742
39.79
23.968
20.39
21.407
21.004
21.119
22.275
22.325
41.868
35.649
21.582
21.825
28.25
20.036
20.645
21.868
21.362
21.37
21.526
30.733
21.329
20.054
27.547
29.204
20.804
20.491
20.889
23.43
117.667
34.112
56.495
20.112
24.254
24.105
31.273
21.051
28.868
29.536
21.288
31.039
21.208
21.757
20.991
21.851
22.511
23.757
21.172
20.336
20.277
21.666
20.882
20.293
20.267
23.372
21.252
20.155
21.311
24.707
24.103
41.182
126.348
31.917
57.62
20.108
20.899
20.637
21.657
21.031
21.467
23.823
20.971
20.294
21.963
23.377
21.488
20.299
22.151
29.333
21.996
31.326
26.292
21.93
21.306
29.318
20.632
20.558
20.651
20.317
20.618
20.739
23.487
23.059
20.645
32.266
21.507
19.92
22.112
125.002
42.858
59.329
20.922
20.105
22.117
26.164
20.547
22.532
20.739
23.361
20.791
37.776
20.435
20.227
20.524
20.266
21.565
20.315
33.525
21.493
23.759
40.761
39.499
24.71
29.843
37.114
20.538
32.213
29.381
20.422
20.346
20.65
23.868
21.83
21.904
22.903
36.762
23.033
20.717
21.488
20.184
43.193
21.522
25.364
37.456
23.62
21.895
21.05
21.285
20.766
21.001
28.784
28.773
21.441
22.237
46.226
108.641
58.944
20.584
21.355
21.2
38.942
33.747
30.981
22.072
22.892
20.408
21.216
20.405
29.369
20.19
26.876
21.934
20.851
21.373
20.778
20.706
21.773
30.24
24.591
20.677
31.97
23.221
21.859
21.669
30.457
20.302
26.5
21.009
22.058
38.137
20.62
24.741
21.017
21.718
30.321
20.492
20.246
22.453
21.053
21.074
36.187
22.506
21.859
22.528
20.779
20.641
22.106
22.385
23.563
30.592
20.176
38.972
20.814
20.385
20.041
21.655
23.134
21.529
28.354
30.167
44.621
21.664
22.842
21.408
22.181
104.485
41.799
61.434
25.203
20.439
24.985
22.817
20.321
23.939
21.543
28.275
28.504
20.87
21.933
20.04
40.131
21.436
20.224
20.501
22.766
20.666
35.431
21.112
20.7
20.499
20.569
20.651
20.145
21.545
29.376
33.438
21.765
20.346
20.695
25.033
39.629
20.875
20.063
28.338
20.68
22.558
22.342
26.353
21.054
20.301
20.924
21.553
23.64
20.139
30.275
20.401
32.307
19.891
28.466
28.62
43.768
31.778
22.18
20.099
21.276
20.607
21.622
20.037
24.628
25.03
23.154
20.838
21.931
21.329
20.955
21.549
23.117
24.529
20.661
20.733
39.822
29.857
50.766
124.182
70.291
25.545
20.456
20.492
36.419
23.958
22.196
20.203
21.233
20.597
20.232
21.055
29.548
22.668
20.06
21.679
45.061
22.436
25.638
31.097
20.903
23.377
26.268
20.265
21.712
24.044
20.198
20.938
22.63
21.462
34.835
129.556
54.613
34.237
22.447
25.538
33.13
21.287
24.079
22.165
21.618
22.729
22.697
22.215
30.489
20.68
20.412
20.685
29.254
20.36
29.418
20.593
28.737
20.545
21.664
29.455
52.716
21.05
31.014
22.854
24.536
20.376
60.425
80.794
57.621
24.276
22.9
21.094
28.766
23.498
20.242
21.865
20.175
21.873
20.111
25.382
29.698
31.035
32.357
22.261
21.428
20.264
20.972
22.425
20.841
20.609
20.481
21.104
30.119
21.639
21.205
20.116
25.746
22.279
42.225
114.914
83.661
26.681
20.939
22.601
28.854
20.178
20.067
20.155
22.769
20.451
37.779
20.484
20.883
21.484
20.414
20.244
40.209
21.637
23.12
28.906
35.954
27.501
22.813
29.779
21.577
22.99
20.767
25.626
40.356
20.204
21.323
37.49
20.542
20.734
20.235
20.46
25.156
20.156
21.18
21.077
42.663
20.905
22.973
20.812
20.864
28.308
21.078
29.687
20.296
28.947
20.701
103.597
43.37
50.472
20.851
23.072
22.08
35.162
20.966
21.208
40.526
36.087
27.247
31.905
22.086
20.41
24.298
20.486
21.214
22.224
21.016
20.4
20.799
22.741
21.368
20.749
20.191
21.417
21.06
21.485
33.476
23.594
25.095
29.045
29.067
20.123
23.124
21.045
20.396
20.081
22.035
20.383
20.588
24.864
20.225
29.647
20.483
20.134
19.961
23.195
55.016
32.541
31.109
20.286
20.824
38.665
20.856
29.36
20.753
20.132
29.027
22.907
25.329
20.356
20.898
25.653
24.83
46.303
108.333
63.955
47.139
21.46
21.054
22.682
21.509
22.255
20.215
20.941
21.971
22.902
23.381
20.728
20.199
20.52
20.652
21.576
27.398
20.481
20.4
20.622
34.901
20.758
22.708
21.857
24.251
24.924
22.456
23.391
24.266
77.281
85.838
53.579
21.427
20.567
25.209
22.789
21.246
20.239
20.284
23.328
47.864
21.13
21.524
21.485
20.369
29.907
21.691
20.405
20.853
31.698
20.99
20.258
21.678
22.397
22.677
21.423
29.078
20.353
21.438
27.751
40.512
22.146
20.285
20.421
25.706
20.245
20.916
20.044
21.456
21.707
25.194
21.943
20.716
20.921
20.4
23.584
80.442
47.982
59.086
20.151
29.303
21.249
20.221
23.321
20.1
21.239
21.759
20.47
29.235
20.953
20.714
20.543
19.976
20.171
37.963
21.395
19.956
20.693
24.784
21.979
31.709
23.586
22.206
20.799
20.411
23.982
24.61
22.685
141.815
60.916
51.613
26.044
24.937
22.178
20.956
30.06
20.465
20.979
21.044
31.025
39.972
21.681
21.416
22.598
29.539
20.15
23.664
22.616
21.982
20.596
20.331
20.249
26.177
20.474
20.146
20.395
20.977
26.586
28.681
24.168
158.762
60.086
37.329
22.164
22.418
35.752
21.21
20.66
21.693
20.068
21.415
21.636
29.53
21.511
20.259
24.212
21.489
22.177
29.187
20.575
35.873
33.728
20.285
20.418
29.159
20.882
20.546
20.345
22.53
38.204
21.224
23.761
133.038
40.918
35.233
24.294
21.168
20.496
22.217
21.221
35.809
29.546
30.032
20.403
29.832
21.524
27.127
21.035
23.379
20.556
21.625
20.635
29.096
20.948
22.509
25.403
29.309
21.079
20.119
21.047
39.971
21.228
20.402
20.332
20.123
23.461
127.266
63.088
23.389
21.678
20.33
37.888
19.976
25.742
22.671
21.984
22.661
20.717
28.433
23.779
43.943
20.767
21.273
20.306
21.581
21.447
27.446
20.652
22.623
23.117
20.703
20.254
26.827
24.871
29.393
40.416
23.492
22.083
20.05
23.674
35.704
30.198
22.655
21.858
22.569
21.458
21.114
20.908
20.951
23.284
20.111
21.112
22.858
21.875
22.509
33.126
20.788
22.585
22.185
21.646
38.801
24.485
21.127
20.204
20.693
20.773
20.213
21.02
21.045
24.242
20.536
21.742
24.099
20.708
21.135
20.616
21.259
38.095
20.331
21.159
39.484
21.463
20.098
20.141
29.089
20.431
21.518
21.231
23.295
68.515
73.589
58.848
20.868
20.589
20.854
20.442
21.966
24.296
22.678
27.965
38.729
36.049
21.885
24.974
23.104
21.889
22.096
32.524
20.993
22.865
22.268
20.022
21.233
22.096
21.022
80.628
20.757
20.922
24.031
24.046
59.544
95.282
115.983
20.566
20.33
20.055
23.272
19.977
23.014
27.297
25.223
26.599
22.133
21.154
21.958
20.867
22.675
24.783
33.52
21.55
38.905
21.43
28.448
20.42
22.34
21.394
20.718
21.626
20.379
23.207
21.201
21.113
20.117
142.689
67.857
29.14
20.197
22.569
21.021
21.257
29.993
30.35
33.302
21.233
20.769
31.839
24.769
22.322
23.004
20.449
23.068
21.037
20.265
31.639
23.123
20.297
20.366
23.302
20.819
21.384
27.608
20.641
26.835
20.104
36.501
126.758
56.18
24.185
21.58
22.287
20.273
20.428
20.186
21.218
21.362
29.336
21.607
22.727
28.808
20.39
29.385
23.115
20.785
22.515
20.197
22.674
21.327
20.161
21.067
21.609
20.181
25.865
20.722
23.684
23.873
22.774
21.484
155.72
38.041
44.298
38.81
20.734
20.553
31.317
21.159
20.445
21.174
31.196
23.299
20.233
20.154
22.286
37.886
20.871
26.404
20.217
23.871
20.457
20.186
20.769
29.708
21.29
20.146
23.405
23.561
20.847
23.855
29.526
21.099
30.692
20.017
23.498
20.751
20.497
20.421
22.451
22.35
22.039
137.969
41.701
42.801
21.843
28.982
20.84
21.698
21.196
30.077
32.616
21.029
21.303
21.106
20.383
34.218
21.947
24.922
21.273
24.024
20.541
22.432
21.132
29.548
46.094
20.91
21.827
20.244
21.133
20.592
29.618
29.075
21.104
21.214
30.977
20.052
20.062
22.879
21.556
28.901
46.761
79.931
64.573
38.123
20.797
22.17
20.169
21.668
21.976
20.453
21.869
20.482
25.272
20.647
32.448
21.231
20.903
20.181
23.061
21.892
24.782
20.596
23.17
32.709
22.958
21.261
23.322
21.487
31.929
26.357
21.536
29.468
21.831
20.117
22.443
22.451
20.999
22.872
22.173
20.784
21.453
29.516
20.805
71.283
22.104
21.283
20.592
21.611
20.134
22.705
20.788
20.821
21.456
20.947
20.634
22.397
20.019
24.693
32.518
24.986
20.58
28.84
20.019
46.691
24.178
29.447
20.315
30.649
20.227
35.383
61.579
165.787
88.915
20.114
188.023
32.218
34.781
48.723
64.179
22.221
22.293
20.755
20.173
33.69
43.137
38.395
25.74
37.853
20.625
20.274
23.812
20.525
21.216
21.837
20.283
20.042
22.515
20.503
21.085
29.657
30.461
20.499
21.032
37.515
36.24
21.104
21.19
21.136
25.421
21.287
22.703
20.831
21.045
20.713
20.584
22.293
20.18
50.006
20.034
20.848
20.754
20.288
20.418
30.551
27.09
21.362
29.029
28.821
24.118
22.774
22.698
20.515
27.46
21.199
19.973
20.026
24.609
20.093
39.098
21.485
20.907
20.154
20.58
31.581
21.852
132.027
37.065
50.914
37.395
20.424
28.442
20.839
21.039
25.603
20.945
20.248
22.603
20.238
23.011
20.114
19.973
20.543
28.722
34.018
20.587
28.736
25.035
22.149
20.245
20.325
20.223
21.849
21.648
20.716
23.716
22.969
30.067
66.537
67.719
62.098
20.142
20.912
23.098
50.96
20.756
23.292
32.97
21.309
23.292
20.442
20.745
107.729
30.436
28.988
20.225
20.122
31.917
21.745
27.632
20.672
21.83
22.715
22.149
29.981
23.132
25.137
26.395
20.069
19.985
21.23
20.869
29.602
20.629
20.299
37.484
20.447
21.044
20.449
21.056
20.378
24.55
27.455
21.045
47.537
30.091
20.851
21.962
22.007
52.501
106.928
61.687
35.761
21.139
20.283
20.059
20.872
21.08
20.177
20.907
21.552
25.966
37.875
29.231
38.128
20.429
20.549
21.873
20.11
21.396
30.776
20.129
20.302
23.899
23.671
21.25
25.642
20.447
26.282
31.777
25.893
59.542
87.658
61.886
37.903
23.616
20.176
25.545
20.526
20.023
20.593
37.697
20.52
20.722
23.666
20.244
20.273
20.628
20.521
23.674
20.214
29.06
36.079
29.319
34.185
22.507
21.353
20.275
28.529
23.061
21.242
20.907
20.874
19.968
28.85
20.259
20.249
20.195
20.219
20.879
23.687
25.467
20.205
25.144
38.776
20.217
30.508
20.663
21.786
35.749
22.149
20.063
20.135
22.425
21.922
126.859
30.204
70.206
26.6
28.338
20.264
20.833
21.22
20.134
34.53
29.633
19.999
21.249
24.493
22.629
20.161
20.369
23.375
22.194
20.164
19.999
20.024
20.207
20.312
20.795
24.296
20.287
19.981
24.343
33.017
21.81
22.078
26.606
21.897
20.286
20.051
20.757
20.712
20.197
20.269
20.062
20.94
20.781
20.747
39.96
20.067
20.278
22.408
20.347
61.928
22.947
28.399
20.109
29.372
20.172
20.001
22.181
20.137
20.917
23.129
30.724
27.659
20.393
29.868
20.286
28.957
20.354
22.15
23.038
39.996
20.356
28.944
21.348
20.851
20.807
23.94
21.361
21.041
20.23
20.775
20.301
23.167
20.915
20.066
22.647
21.179
20.456
29.366
20.823
52.492
132.012
35.425
63.939
30.166
21.707
23.739
19.98
20.803
23.457
37.33
20.485
20.379
20.647
22.5
20.152
22.228
20.386
22.024
21.519
30.083
21.122
31.887
34.504
21.18
20.508
38.2
20.152
21.681
23.924
27.566
28.925
22.404
123.463
48.022
33.985
20.256
29.812
28.854
20.797
38.809
29.795
20.359
22.802
20.059
37.593
20.826
20.315
20.7
21.628
19.969
21.773
21.449
21.622
26.421
20.522
20.529
23.178
20.762
20.003
35.543
22.689
22.576
20.242
20.584
21.865
20.817
25.677
28.781
20.517
20.32
28.652
21.433
20.162
20.103
20.68
20.41
20.061
29.179
20.045
35.359
25.713
27.152
20.748
21.371
77.032
85.931
76.501
26.521
22.344
20.011
28.816
23.794
20.237
21.431
23.848
20.066
20.086
21.416
28.37
38.354
21.166
31.801
20.143
20.349
20.049
20.057
20.922
20.119
20.696
21.097
20.603
41.669
20.724
20.215
29.632
21.958
21.052
20.16
20.515
37.629
23.077
83.879
86.509
78.375
20.713
20.302
20.837
28.95
20.028
21.588
22.039
22.807
19.992
28.79
21.071
21.278
23.54
20.16
25.942
29.344
23.172
20.407
25.273
20.183
20.102
20.532
20.251
26.418
21.277
20.485
20.355
29.712
21.368
36.148
127.697
50.399
25.433
20.594
20.12
30.722
22.168
21.696
21.27
21.828
22.103
21.396
37.991
21.949
28.947
22.536
21.221
23.876
20.619
25.809
23.769
20.446
19.939
20.495
20.015
30.376
29.484
20.535
20.199
25.97
20.054
43.418
134.903
52.015
32.069
25.872
33.108
31.995
20.28
21.706
26.677
20.304
20.045
29.032
20.87
35.203
20.582
23.14
20.567
20.953
20.241
27.708
20.46
32.405
33.941
28.875
21.744
20.133
30.381
20.045
21.038
27.241
20.68
22.43
24.083
30.723
20.416
28.967
21.218
21.238
20.449
20.229
21.654
20.909
20.773
29.868
20.206
22.651
21.997
22.136
20.013
20.077
20.142
21.8
19.97
34.5
21.831
20.074
20.235
19.992
20.104
20.278
20.156
20.36
23.181
20.149
20.368
37.304
22.106
20.493
21.753
20.245
25.743
20.493
22.685
46.657
21.914
20.377
24.067
20.107
20.025
20.221
20.177
22.097
21.468
27.224
22.03
22.952
20.602
22.486
22.322
92.259
101.353
21.432
20.021
39.279
23.011
22.279
20.088
21.1
23.079
20.088
21.089
21.782
20.006
28.991
21.397
20.666
22.394
23.23
20.231
20.23
20.536
22.635
42.221
95.503
56.12
32.643
28.888
20.528
20.575
21.148
31.911
37.091
21.52
20.259
20.732
23.043
20.016
20.134
20.296
47.054
21.598
22.153
29.807
42.226
20.892
27.364
21.111
20.635
28.862
26.712
29.501
23.47
25.361
22.429
66.809
89.69
57.821
22.274
20.075
22.804
20.044
22.265
20.653
30.595
20.544
20.439
21.384
21.714
20.777
20.336
20.809
20.677
40.913
24.738
30.508
21.414
20.057
20.043
21.783
30.343
20.062
20.161
20.807
34.863
23.133
20.186
52.427
99.786
71.535
23.278
20.399
23.249
20.69
20.119
22.676
19.931
21.921
41.215
20.329
20.066
20.092
21.013
20.928
39.891
20.589
20.073
21.051
20.19
28.576
22.864
21.671
20.774
20.456
21.516
20.566
20.895
28.008
20.206
22.442
20.236
21.744
22.12
20.504
33.043
21.071
20.823
20.368
27.795
23.478
20.12
21.761
20.4
19.977
20.896
22.278
20.881
20.119
20.44
23.445
22.706
147.674
54.601
32.386
40.712
21.479
30.131
21.13
21.354
21.013
20.343
25.38
20.328
29.981
20.481
20.122
20.278
28.653
20.324
20.916
20.975
20.397
23.255
23.657
32.274
21.425
20.246
20.332
20.328
26.406
24.613
24.055
20.427
20.176
20.719
21.308
20.174
20.228
22.845
40.382
29.22
21.833
20.022
20.752
46.658
23.688
20.286
20.631
20.081
21.299
21.545
20.903
22.635
21.749
20.333
20.824
20.299
21.017
20.13
20.235
22.147
106.507
51.389
24.525
38.109
21.162
33.549
23.59
20.12
20.296
21.867
20.623
20.215
22.029
20.884
25.728
32.482
20.047
37.134
20.317
19.917
24.049
29.241
23.017
48.465
21.56
39.525
33.394
20.134
23.372
28.488
20.993
20.2
20.063
21.539
21.645
20.785
22.752
22.405
20.548
20.476
20.733
20.62
20.811
39.524
23.338
20.768
37.138
24.849
20.232
23.517
20.404
21.129
20.134
20.435
21.419
20.319
20.308
23.011
35.39
20.763
21.174
21.087
20.352
31.057
21.285
23.902
23.36
21.646
28.448
20.377
30.41
22.267
20.681
20.448
20.783
26.527
22.362
23.975
20.935
21.66
96.952
53.449
52.363
47.86
21.945
22.852
27.775
20.409
28.044
21.386
29.081
29.442
28.853
20.047
24.794
36.088
21.24
20.334
27.725
20.331
21.115
20.591
20.531
30.031
21.807
20.306
20.56
20.089
22.399
20.839
35.542
29.679
141.844
46.542
51.217
22.826
20.06
29.039
20.377
20.04
21.02
20.056
20.005
41.605
20.813
20.171
20.51
35.99
20.691
20.783
22.16
21.008
35.954
20.407
20.259
21.799
22.35
21.023
20.21
20.6
26.925
28.4
35.14
39.23
131.609
42.678
40.887
21.697
20.196
20.003
20.187
20.375
20.722
20.405
31.722
22.337
20.535
28.358
21.185
20.462
20.34
20.227
22.422
33.712
21.083
20.447
21.789
20.553
23.893
20.31
20.41
20.796
20.489
23.027
25.24
21.3
132.774
51.158
63.617
20.072
20.296
20.646
40.993
38.886
22.139
22.365
29.155
20.067
21.681
25.488
20.417
21.277
20.465
39.908
30.827
30.314
20.103
46.147
21.118
21.161
20.72
20.103
21.701
44.709
26.911
25.045
27.173
20.795
20.717
21.441
20.339
22.51
21.792
21.526
21.433
20.099
20.122
45.979
20.299
20.016
21.05
20.708
20.175
38.021
30.186
28.937
21.837
21.611
21.716
37.408
21.303
20.666
21.497
20.604
60.518
74.585
56.832
20.16
20.119
20.136
22.993
24.412
22.204
31.694
22.439
20.515
29
20.094
48.929
24.555
20.15
20.262
20.96
20.847
20.792
20.268
20.596
24.602
24.064
20.048
23.461
20.337
20.083
36.591
22.879
20.145
51.202
94.706
55.459
27.07
23.433
21.574
22.388
20.013
20.897
20.319
20.912
20.189
21.852
22.909
26.003
22.517
25.604
31.099
21.205
22.224
31.182
20.409
20.176
20.217
20.258
30.515
20.398
21.316
20.485
29.081
20.783
20.319
22.681
149.049
53.719
26.534
30.412
31.355
21.34
21.843
22.496
20.922
26.529
20.222
32.104
20.33
20.104
24.797
38.875
22.572
30.768
37.372
20.237
20.521
20.781
20.133
22.154
32.885
20.718
20.369
20.046
28.434
29.222
22.077
20.86
20.643
20.789
20.723
38.979
20.264
28.645
37.316
21.345
21.209
20.211
21.304
20.496
45.35
22.788
20.932
20.121
20.008
20.961
20.45
20.496
21.51
20.202
25.011
21.059
20.29
28.71
20.426
22.093
20.39
21.33
20.038
26.315
37.798
29.003
23.276
20.458
27.567
20.462
21.879
20.133
41.709
20.865
22.125
20.625
20.707
20.547
20.829
20.46
20.564
19.927
23.787
25.161
26.34
30.431
20.962
22.795
20.126
21.339
28.903
22.381
20.516
20.112
20.454
20.068
20.011
20.824
20.058
20.698
20.394
20.006
20.789
21.897
115.308
32.722
71.205
20.185
21.086
22.091
21.896
25.158
21.49
28.701
21.108
20.577
20.745
20.211
20.473
20.571
22.98
20.561
20.857
23.05
39.132
20.246
21.127
24.599
20.291
24.068
23.84
21.101
21.331
29.085
24.234
24.51
91.999
53.854
64.892
22.129
20.885
20.966
20.031
20.247
45.961
20.932
20.236
20.099
21.191
27.021
20.919
29.336
20.405
20.3
20.065
20.364
20.977
20.114
25.316
24.665
20.526
28.571
20.528
20.259
44.648
36.645
20.917
22.785
84.219
52.837
61.915
20.592
21.74
21.26
20.637
20.493
20.46
20.933
20.389
21.65
20.247
22.883
20.402
22.321
51.571
33.265
21.79
20.173
20.277
26.351
20.964
20.467
20.513
21.621
20.549
20.889
20.196
26.04
23.395
21.706
93.989
81.22
56.246
20.846
44.947
20.678
22.614
21.171
21.589
21.803
20.588
21.294
30.153
20.326
21.358
22.451
20.576
22.187
22.468
20.088
29.486
22.344
20.235
20.549
37.849
21.078
20.009
20.117
20.167
21.812
23.552
20.56
78.806
87.995
59.22
24.423
20.98
20.256
20.543
21.467
20.272
22.406
21.728
20.153
76.154
20.456
20.275
32.12
20.363
22.061
21.123
21.293
20.09
20.537
20.303
21.239
20.93
20.062
20.278
24.439
24.974
23.454
23.825
22.197
71.917
99.442
60.4
40.211
20.533
20.472
23.28
21.156
20.322
20.239
20.458
20.687
20.244
21.284
20.487
21.396
20.125
20.523
21.371
29.359
36.947
21.289
24.104
21.048
21.264
20.151
20.823
20.41
22.932
20.101
32.276
20.963
35.71
100.241
69.386
25.924
20.709
20.956
21.499
21.249
25.362
24.49
36.197
20.008
21.39
31.564
22.323
20.847
21.724
20.203
19.924
22.43
22.938
19.445
20.313
22.469
19.623
20.792
31.651
19.892
22.359
21.58
43.679
31.185
27.055
21.438
22.188
20.154
26.046
20.157
23.903
21.163
19.767
22.55
19.435
22.182
22.443
21.386
21.576
19.899
20.975
22.779
27.646
20.946
21.546
19.542
21.901
21.082
26.095
22.002
22.078
20.357
22.032
19.837
21.963
23.453
19.951
23.208
19.89
20.694
21.878
25.045
33.517
20.947
27.727
21.659
21.113
20.237
20.282
22.142
20.508
20.991
19.811
20.444
19.68
20.776
22.56
21.975
20.251
21.018
19.581
22.127
30.314
20.522
21.069
21.16
27.381
29.905
20.028
22.861
23.418
21.133
22.237
21.271
19.982
21.037
22.143
20.668
20.136
21.235
22.402
23.853
39.426
21.04
22.26
22.553
23.965
26.271
20.785
20.293
23.582
20.21
20.768
20.253
28.127
20.13
22.294
21.94
20.146
20.802
22.361
23.713
29.812
26.397
20.455
20.264
20.566
21.312
20.067
19.881
21.676
20.375
20.722
20.579
26.196
23.49
19.363
19.315
19.806
21.23
24.761
24.637
36.679
21.534
23.868
20.735
24.074
20.18
19.689
26.779
19.947
20.139
25.331
20.82
20.152
20.224
21.462
20.56
21.101
21.433
23.199
22.312
29.207
23.669
29.033
19.858
21.809
20.29
19.465
23.276
19.685
20.977
20.319
19.935
19.755
19.987
23.543
19.799
20.585
20.041
24.807
23.774
25.46
21.38
21.873
20.7
19.931
26.89
20.164
20.188
24.4
20.042
20.426
19.505
19.108
22.766
20.404
19.943
20.506
26.931
23.396
22.062
29.197
20.726
21.241
21.695
19.555
25.758
20.328
21.584
22.081
21.115
19.726
27.955
25.662
20.621
19.611
19.654
19.59
19.546
19.967
27.319
27.265
20.505
21.287
26.033
21.211
21.564
26.091
20.509
19.71
22.004
19.755
20.979
24.154
22.823
20.056
21.051
22.781
20.162
25.355
22.46
43.243
21.143
20.844
21.21
25.265
19.646
20.34
21.11
20.73
22.169
22.044
22.069
20.95
23.706
20.881
21.68
25.815
20.209
22.964
31.874
24.019
19.949
19.728
22.187
22.813
19.7
21.301
21.073
20.373
20.124
20.936
19.693
19.845
21.226
21.756
20.83
20.737
20.108
27.44
20.816
34.645
19.47
21.407
21.661
19.916
21.782
20.703
20.916
19.892
19.405
21.078
29.276
21.077
20.078
19.638
19.576
19.769
20.423
22.104
30.178
20.014
24.148
20.691
21.632
40.253
27.269
19.939
122.953
85.642
20.291
20.503
86.501
20.318
19.67
20.908
19.816
20.306
20.022
27.308
32.003
21.649
20.637
22.158
22.048
29.972
20.749
25.028
19.723
25.341
20.691
20.607
19.993
20.354
21.071
20.768
21.499
22.909
19.897
20.642
21.715
35.701
22.358
28.854
23.723
20.767
22.131
19.899
21.359
20.824
19.726
21.422
20.013
20.831
20.361
20.831
21.052
20.666
24.434
23.239
23.106
35.098
22.595
21.918
21.705
24.706
24.919
19.533
20.157
21.772
25.92
29.829
24.96
20.318
26.954
20.903
19.839
22.254
20.738
20.591
21.315
30.232
21.633
21.858
20.302
25.078
21.038
21.642
20.989
21.486
20.222
20.1
19.783
23.82
20.224
21.939
26.279
29.051
20.415
20.458
32.487
39.421
25.302
21.918
20.757
21.368
20.093
21.418
21.911
20.363
20.18
20.242
19.867
20.327
21.716
20.125
21.263
25.362
21.555
19.76
22.89
31.552
20.382
21.361
22.264
20.148
19.853
20.759
20.122
21.028
20.667
22.897
22.309
20.795
20.686
19.749
21.696
19.567
22.279
26.452
23.748
29.956
27.466
19.949
21.633
24.407
20.15
19.861
21.486
20.229
20.364
20.2
20.304
21.003
26.888
19.426
20.813
19.404
19.547
20.066
38.213
20.355
21.031
20.658
20.402
24.625
20.668
20.896
21.376
20.366
21.481
23.764
20.364
20.568
19.997
21.297
23.604
20.105
22.459
20.966
21.56
28.348
22.986
20.045
20.865
21.648
19.448
20.037
25.83
76.439
168.765
28.149
21.15
129.333
28.506
27.881
23.035
20.181
22.102
28.311
22.022
38.012
21.659
24.169
31.18
30.367
25.551
29.084
32.496
55.455
28.623
48.129
28.491
29.019
28.017
30.014
23.556
27.381
28.077
53.579
40.139
58.959
44.644
25.898
24.773
55.564
22.421
22.111
30.916
48.53
21.261
30.955
34.586
22.237
36.887
29.265
39.518
21.724
24.743
23.538
54.008
37.115
33.836
27.017
36.019
24.556
55.481
32.806
57.257
63.197
132.942
115.357
78.881
74.772
37.362
24.543
23.743
21.009
23.091
36.808
22.891
27.085
22.811
21.643
74.844
49.257
21.218
22.028
25.444
25.058
23.276
26.098
33.94
26.697
19.962
21.084
22.5
21.689
22.371
24.117
24.556
23.087
22.626
20.874
22.069
20.946
45.429
21.723
34.792
30.724
27.77
26.715
23.668
29.464
24.371
21.572
26.996
24.391
22.819
84.464
23.403
27.136
25.687
21.687
23.163
45.766
21.805
28.627
24.924
24.171
28.669
21.345
32.562
37.954
35.634
21.797
23.443
25.997
22.812
32.274
23.831
23.369
21.575
30.666
50.232
34.316
26.906
21.52
20.091
22.86
40.11
25.456
23.744
27.966
21.159
21.349
22.694
21.264
25.365
21.404
29.242
22.195
22.618
23.998
21.4
34.301
43.062
23.302
26.132
25.683
62.218
51.772
61.639
36.689
30.211
23.237
23.341
24.488
30.724
23.938
32.577
56.26
25.396
21.284
24.059
36.778
23.742
25.19
27.515
28.89
37.674
32.936
25.748
26.569
27.54
25.424
21.925
35.345
24.446
21.815
22.093
27.94
22.591
30.574
33.48
31.986
26.162
22.239
37.187
34.512
24.815
22.424
26.708
24.506
23.683
25.202
28.939
20.473
26.551
31.686
37.85
26.152
34.196
57.5
44.757
34.948
28.364
30.686
21.675
21.198
21.72
24.519
23.668
25.304
34.862
23.965
23.377
25.923
22.556
31.07
25.76
24.043
23.145
56.489
49.909
25.805
128.332
33.904
23.255
65.976
68.5
79.698
28.181
73.751
48.886
45.359
48.336
43.725
20.638
20.016
31.837
21.108
26.063
20.683
21.017
21.374
20.399
59.257
19.957
42.148
79.266
64.295
21.379
29.047
27.38
22.912
21.999
24.594
24.636
27.217
23.746
33.923
22.504
46.487
24.39
22.897
20.214
21.351
19.919
20.552
19.864
27.572
42.717
24.112
22.336
24.613
24.223
53.184
26.866
31.361
26.708
28.519
20.09
70.164
101.79
49.27
23.727
85.188
37.064
38.56
38.2
29.408
47.317
49.387
21.674
35.439
21.078
53.386
46.81
24.83
22.533
60.912
36.234
26.825
31.567
29.896
36.966
68.819
26.067
27.117
26.88
22.593
34.941
22.799
24.614
20.564
23.321
21.38
21.515
24.831
23.16
28.498
24.377
23.439
23.732
25.994
22.378
24.805
21.842
26.505
26.213
28.36
21.966
30.142
115.27
123.791
26.238
58.669
45.826
20.691
21.261
24.111
20.361
30.676
20.71
24.136
24.811
20.281
21.716
28.766
21.608
29.019
31.007
26.074
28.233
37.959
22.863
20.585
20.221
28.123
32.288
22.02
24.247
27.183
30.775
25.847
24.973
20.119
48.196
24.804
46.798
54.4
69.771
73.097
27.563
112.021
58.617
48.606
45.383
34.971
30.888
70.675
30.939
35.054
25.961
33.117
32.705
61.803
27.489
27.431
25.415
24.715
27.228
26.831
24.643
22.468
22.211
25.246
20.017
38.798
21.905
34.015
31.96
29.324
32.003
61.349
21.71
29.669
44.875
24.546
22.744
25.724
39.484
42.231
63.7
40.717
25.979
33.287
56.801
39.961
29.41
25.909
28.299
27.578
21.319
21.293
19.758
21.446
20.705
30.101
19.591
21.615
23.753
20.652
21.477
32.636
29.264
21.424
34.167
23.499
23.736
24.932
24.121
23.11
29.369
23.188
24.063
27.962
21.843
39.412
29.046
22.745
26.126
45.205
60.684
28.449
24.015
25.891
27.34
27.53
21.697
23.753
29.168
19.822
24.746
22.965
21.736
28.288
41.888
69.936
40.21
24.274
26.074
23.671
24.174
25.87
24.287
22.659
25.65
36.55
23.525
23.833
25.829
26.205
20.501
22.812
25.135
25.553
19.894
20.912
25.747
22.199
19.782
22.885
21.709
20.885
23.593
25.319
46.496
35.7
59.725
56.837
29.477
52.351
55.896
40.103
59.994
30.042
52.768
30.68
28.045
26.579
23.611
40.647
30.618
20.733
26.088
38.318
26.155
31.525
33.646
45.883
75.297
59.056
41.748
58.125
34.356
36.979
26.81
42.051
36.084
63.918
42.796
47.685
34.377
27.553
25.915
28.257
20.713
34.106
26.982
20.917
25.686
29.515
50.736
36.929
31.11
37.884
31.879
44.71
39
30.26
26.633
23.556
27.016
27.904
31.543
54.872
30.512
50.616
23.119
25.298
22.306
21.757
22.62
20.749
25.048
24.983
21.991
21.707
24.93
22.803
29.788
35.786
49.081
32.837
29.287
25.677
24.136
26.118
26.401
30.085
29.984
60.511
43.083
26.646
20.152
21.087
35.961
30.752
23.287
25.297
21.328
27.943
34.318
34.143
43.711
44.893
62.203
30.974
32.107
22.654
22.696
25.725
23.893
31.407
28.625
24.765
33.182
28.061
33.831
26.522
29.099
23.755
25.086
26.919
69.634
29.542
40.458
30.113
25.831
24.054
33.35
22.135
26.745
24.338
29.489
46.21
43.147
59.798
84.765
45.501
25.032
38.468
45.632
56.177
53.541
22.594
58.545
53.661
23.103
23.534
24.337
25.664
24.183
28.68
28.097
25.98
40.731
50.798
49.826
29.129
25.577
21.156
23.052
24.778
28.22
23.542
24.026
23.272
22.302
24.892
39.836
31.271
25.908
24.868
26.833
26.679
25.491
25.398
26.902
27.411
28.753
27.385
28.473
26.827
22.88
21.315
24.174
28.913
29.306
28.336
31.2
33.931
44.033
29.297
38.385
53.287
43.88
26.596
35.372
21.668
22.856
23.018
25.896
33.141
26.237
62.998
57.556
50.307
29.753
41.737
28.538
27.723
28.95
26.593
30.047
23.996
30.78
31.907
34.801
68.172
43.219
27.137
23.674
21.939
29.201
24.171
31.452
36.301
25.987
23.167
42.726
20.89
24.497
28.481
21.783
25.393
24.603
30.818
28.665
42.406
33.889
41.94
59.278
40.495
48.716
55.479
50.631
31.05
23.862
22.418
22.771
21.509
26.678
26.192
24.153
25.985
25.715
21.979
24.145
22.088
24.144
27.677
36.655
61.947
35.429
26.15
61.752
42.729
36.97
30.069
23.944
24.07
23.217
26.492
46.101
26.578
23.677
72.561
45.029
58.094
52.946
34.824
34.62
39.064
58.848
24.765
29.937
30.482
30.012
41.71
44.683
57.709
21.944
24.818
26.086
22.195
25.233
26.449
21.719
22.588
23.488
23.63
30.13
24.503
23.941
20.791
21.839
22.769
24.147
23.193
22.189
24.161
23.545
23.41
23.513
25.585
23.979
24.284
23.511
24.051
28.428
22.864
26.259
24.389
22.505
27.3
22.11
22.05
24.503
31.834
23.517
26.888
22.51
38.613
20.704
24.117
34.301
25.571
25.051
25.541
25.117
22.571
31.071
33.214
60.478
106.357
84.912
23.428
32.39
25.931
44.919
28.809
26.748
24.433
31.045
26.432
25.367
23.647
25.842
23.663
44.853
26.624
22.57
21.429
23.559
23.31
25.806
23.535
24.84
22.824
27.296
22.353
24.97
22.469
29.33
48.6
28.365
28.533
25.15
28.214
28.98
27.072
62.502
59.332
40.076
22.281
25.792
26.047
72.273
62.817
29.211
21.927
28.749
22.553
20.772
31.517
30.502
52.664
25.651
32.123
25.577
24.039
22.969
23.303
26.955
25.6
28.533
33.042
34.483
26.441
31.541
30.9
53.531
34.887
28.445
28.148
131.246
20.258
19.75
20.614
21.168
22.386
22.325
21.273
24.867
34.32
26.138
26.627
26.594
27.987
38.79
31.961
32.556
28.757
34.187
22.947
22.489
23.766
25.258
24.318
33.678
21.972
112.23
75.923
29.229
28.826
20.101
24.976
30.349
27.792
25.978
24.328
21.47
22.045
21.824
46.527
37.489
22.78
23.009
22.49
21.754
22.696
23.364
23.64
21.363
24.474
24.826
20.841
43.007
121.197
34.979
25.924
25.067
26.481
21.915
22.16
20.407
27.595
20.215
23.359
20.891
22.625
41.251
22.429
23.471
25.019
23.042
22.852
23.225
19.881
24.32
23.585
22.479
20.474
42.694
42.332
24.243
23.832
27.178
21.254
23.239
22.499
27.732
33.258
31.059
89.981
39.485
25.449
28.242
22.912
25.468
20.947
24.489
20.414
26.916
26.615
24.774
23.238
38.501
31.658
26.932
20.147
22.947
21.758
20.613
21.51
21.58
24.319
19.857
21.181
20.661
22.091
20.418
21.304
20.394
20.739
27.375
28.281
21.884
20.168
20.369
22.983
20.658
22.525
29.706
21.729
20.042
20.271
26.345
20.184
22.55
26.595
21.141
24.055
23.76
21.725
20.819
21.393
20.727
23.562
51.372
37.914
22.196
22.123
21.044
23.521
20.947
20.887
21.841
20.519
22.402
38.886
56.077
21.738
23.768
25.013
21.001
20.09
20.255
32.654
20.986
20.335
20.688
20.087
21.808
20.833
21.825
20.044
19.924
21.977
20.425
20.44
20.998
22.95
24.643
25.278
21.454
19.776
21.484
27.066
20.025
24.437
22.153
21.895
21.682
20.347
21.399
19.78
23.231
29.096
21.625
21.054
25.009
25.185
20.474
24.051
20.25
25.375
20.884
19.89
23.146
19.794
20.584
21.964
21.082
40.486
21.256
21.911
20.736
21.17
26.698
20.229
22.824
24.777
23.985
20.035
20.344
22.383
21.726
20.373
22.538
21.393
21.144
20.71
20.73
27.646
25.985
28.465
20.401
20.916
23.289
20.489
50.468
25.1
34.752
20.209
20.906
22.985
21.938
26.852
20.759
22.245
20.471
21.347
27.543
22.39
20.93
19.635
21.777
20.409
26.487
22.25
42.771
26.952
21.24
22.385
21.336
21.717
21.399
22.999
21.697
25.008
22.925
20.637
22.229
20.76
21.724
20.747
20.05
20.67
20.74
22.546
28.11
26.684
37.088
32.228
23.673
21.165
20.656
23.906
48.78
24.53
27.955
22.037
22.868
22.198
20.514
19.396
21.494
22.659
24.507
21.711
21.561
21.157
23.677
24.255
38.885
22.736
23.47
45.59
28.057
29.739
25.491
20.183
23.156
27.223
22.277
36.825
71.674
42.26
22.277
21.44
24.185
20.991
19.801
20.89
20.291
21.533
27.631
54.511
22.37
19.746
19.802
20.217
26.981
19.261
21.75
21.458
21.287
20.278
20.583
20.897
19.845
21.781
21.148
19.62
34.341
20.887
21.569
19.828
19.136
30.221
30.702
19.535
21.708
53.92
19.541
25.393
19.031
19.372
20.731
21.124
19.707
21.487
19.807
23.902
19.171
19.895
26.634
20.25
19.683
20.917
19.878
19.878
22.309
27.568
23.281
22.501
20.536
21.107
20.875
24.674
19.561
22.977
22.047
20.25
19.57
21.46
28.772
20.115
21.026
21.068
19.461
19.293
20.695
20.189
19.914
19.512
24.863
21.153
20.876
23.409
20.63
19.922
19.78
20.688
21.002
19.699
28.308
39.518
22.122
19.718
19.771
23.507
20.829
19.615
29.102
22.358
20.611
20.291
20.466
19.784
20.725
21.895
19.595
19.163
21.875
19.477
19.534
23.064
20.036
22.822
21.437
19.588
20.545
22.56
21.158
20.573
20.073
48.288
20.469
20.59
19.772
25.121
21.407
20.739
22.281
21.081
20.68
20.111
23.121
20.881
20.578
20.33
21.031
21.228
21.499
22.53
37.538
21.675
20.254
20.442
20.474
20.089
20.915
24.581
20.297
21.386
20.512
19.729
19.903
20.998
21.219
20.493
19.885
20.093
20.207
20.568
19.978
20.027
22.926
23.935
31.682
25.447
31.408
21.482
25.168
23.168
21.939
22.465
44.318
25.805
63.014
97.027
26.956
22.501
23.079
26.669
36.15
29.772
21.129
47.54
20.448
31.312
30.52
33.776
28.659
22.291
25.001
39.298
30.635
93.016
35.239
21.063
38.946
20.646
24.462
32.353
27.421
35.71
22.461
22.67
25.001
19.848
20.767
25.686
19.729
19.334
22.835
23.424
20.255
22.941
20.958
20.322
20.237
19.78
23.51
25.656
21.061
19.457
36.506
21.178
20.775
25.874
19.322
20.243
21.715
24.801
20.372
20.24
21.73
20.465
27.367
22.276
20.914
21.996
20.184
20.968
20.481
21.329
21.651
19.283
20.795
37.798
23.202
20.982
19.979
20.082
20.448
20.928
21.839
21.713
25.692
20.293
20.342
21.967
20.544
23.233
19.63
21.525
21.843
19.773
38.872
20.619
23.121
20.687
22.252
22.237
22.078
20.07
20.944
19.762
21.616
21.393
21.688
28.049
21.723
21.257
20.144
22.83
23.43
25.782
55.453
22.15
21.066
23.057
20.272
19.386
23.523
26.651
26.096
23.126
19.884
21.822
23.472
21.554
20.671
20.009
23.439
20.546
27.112
20.336
31.921
20.01
20.384
20.553
21.79
22.489
25.628
23.537
23.888
21.847
23.724
22.145
21.058
24.389
24.284
22.461
21.361
23.913
21.95
38.334
98.602
34.561
21.927
22.84
21.893
20.97
20.267
19.878
24.719
23.205
23.08
20.236
20.296
45.627
26.591
30.431
22.251
22.462
21.899
39.265
25.17
23.748
23.548
20.696
27.486
25.539
20.723
24.09
23.698
20.969
32.535
19.868
36.088
20.802
20.459
24.907
21.635
23.372
19.712
19.94
19.81
20.611
29.587
23.012
20.755
20.705
19.511
21.755
34.066
20.516
26.018
20.27
20.6
43.57
20.833
28.852
19.513
19.718
21.004
20.778
30.847
20.692
37.123
20.998
26.466
23.231
20.88
27.998
19.858
19.718
20.24
23.859
19.601
20.838
26.752
23.073
20.293
20.486
19.531
20.98
23.835
24.608
19.987
21.247
20.505
20.857
19.647
27.035
20.067
20.775
21.145
19.375
19.627
29.1
21.238
20.639
22.834
20.498
19.958
20.679
21.263
19.808
21.309
19.579
20.363
21.531
19.651
19.803
22.59
20.315
20.406
21.093
20.907
21.599
20.002
20.511
20.357
21.155
19.478
21.683
21.292
20.903
21.275
20.261
20.324
20.773
20.298
25.429
20.376
19.823
20.067
19.348
21.057
26.693
19.553
19.987
19.068
19.47
20.445
19.554
22.836
19.802
23.205
21.052
28.935
20.484
21.425
20.175
19.144
19.066
19.26
19.933
21.675
22.191
19.679
20.734
20.998
19.433
20.708
19.846
19.813
19.59
20.157
22.902
22.854
19.985
20.262
20.145
20.345
20.475
20.677
22.798
21.366
28.385
25.182
23.055
21.229
20.602
26.488
19.638
19.67
19.824
19.675
22.976
21.215
27.281
20.965
20.264
20.223
21.035
21.302
20.312
21.656
25.737
19.285
21.708
19.896
20.549
20.697
20.461
30.043
19.929
22.392
21.632
20.895
20.808
20.609
21.092
22.201
21.165
19.995
20.005
21.186
21.302
20.803
19.856
20.556
20.958
22.207
20.669
20.203
19.592
19.245
21.119
20.957
21.369
20.169
20.511
20.41
19.449
19.74
21.127
23.071
20.568
20.008
20.491
20.521
21.073
21.825
21.515
25.323
19.362
21.665
20.086
19.458
23.544
21.337
20.751
21.879
19.485
20.597
20.619
19.861
19.357
20.804
20.15
20.647
24.41
19.55
21.379
20.276
20.242
20.993
20.992
20.076
20.569
19.907
62.742
22.84
19.967
19.52
19.582
19.895
20.59
24.921
21.528
27.575
19.354
21.775
20.094
20.689
22.641
21.786
19.176
20.615
19.298
27.053
19.687
21.326
20.598
23.544
21.497
20.542
22.724
19.914
19.993
21.204
23.902
19.727
19.752
20.735
24.083
20.802
20.487
19.629
21.653
20.961
20.727
23.213
19.986
19.729
19.839
20.421
20.076
26.691
28.595
21.828
22.594
21.125
22.269
20.266
20.463
27.376
21.322
20.247
20.797
20.502
21.238
21.324
21.528
19.688
22.408
20.17
21.194
20.652
20.808
22.34
21.305
19.267
20.372
20.564
23.325
20.211
26.851
22.576
24.242
20.485
20.388
19.788
23.714
20.991
22.438
20.315
20.99
20.396
20.949
20.009
25.04
27.719
21.171
23.275
21.016
21.626
23.127
21.998
21.446
28.619
22.661
19.799
20.598
21.967
21.87
22.88
27.054
19.937
20.825
19.93
20.308
20.758
20.184
26.937
20.386
19.955
22.036
20.142
20.53
21.057
23.726
21.832
19.904
20.377
20.396
21.028
20.79
20.851
21.212
20.055
20.842
20.151
19.459
21.398
24.335
19.515
21.637
19.486
19.14
19.28
26.379
21.507
19.693
23.117
20.485
19.602
21.69
25.044
23.082
20.596
20.006
19.413
19.795
19.593
19.592
19.656
25.338
19.373
26.327
20.212
21.186
20.252
21.098
32.384
20.596
22.697
21.97
20.455
23.166
28.086
40.677
21.008
21.255
19.164
20.116
19.802
26.266
23.173
19.395
20.154
19.508
19.908
20.391
23.118
19.979
19.859
19.617
21.762
20.291
19.559
20.125
41.131
22.737
33.217
20.071
19.525
19.279
21.886
20.469
23.227
19.533
20.586
21.163
19.036
20.404
19.923
19.388
19.837
20.228
20.459
20.503
21.569
20.309
20.409
20.292
19.783
19.53
21.284
21.032
20.682
21.4
21.078
20.669
19.681
19.659
21.126
26.748
21.022
20.896
21.361
24.13
20.829
23.415
19.126
19.718
19.385
21.164
20.091
20.963
20.615
19.37
20.183
19.364
20.312
21.208
19.679
20.135
20.35
19.549
25.27
26.149
20.321
19.498
19.56
21.286
20.35
29.538
20.805
19.877
20.45
21.498
23.06
21.703
20.942
20.554
19.359
20.893
20.787
22.987
20.545
20.264
19.995
20.089
20.853
19.907
20.925
22.612
19.643
19.74
19.704
19.808
20.605
21.013
20.848
20.98
20.629
21.281
21.591
19.835
19.895
20.284
23.553
19.98
20.987
20.425
19.616
19.641
20.364
21.799
27.42
19.533
20.64
20.415
22.157
23.223
22.176
27.104
24.594
20.754
21.373
20.771
19.921
20.072
40.748
19.8
20.774
20.541
20.077
23.129
20.087
23.316
20.063
21.744
21.32
20.183
19.782
20.84
23.266
22.203
21.349
20.331
20.53
21.184
20.224
23.263
26.924
20.661
20.094
20.787
20.58
20.675
21.219
20.626
21.6
19.985
20.927
22.225
21.758
20.58
20.377
21.74
21.174
21.02
21.222
24.004
24.551
22.151
21.906
24.97
20.422
20.711
20.857
20.47
21.415
20.027
23.18
20.994
20.612
19.829
19.63
19.931
21.124
21.317
20.58
21.322
22.655
21.2
20.444
20.592
27.365
29.521
20.803
19.903
20.44
21.095
20.247
50.367
20.744
21.897
35.171
21.302
20.652
21.091
20.239
26.247
20.347
22.834
20.67
20.296
21.583
21.105
22.766
20.279
25.196
20.078
21.239
25.852
20.994
22.932
24.534
22.356
20.88
23.341
24.153
20.941
20.964
20.913
21.034
20.337
22.251
24.578
20.593
21.418
23.95
22.066
19.947
20.9
23.731
19.956
19.842
28.854
22.018
22.486
20.045
20.526
21.641
20.113
22.743
21.949
20.941
20.739
21.762
22.376
21.007
22.708
28.225
23.246
20.88
19.982
19.714
20.226
19.803
28.314
20.838
20.104
20.551
22.49
21.21
20.487
25.054
34.473
22.553
22.457
21.851
22.348
20.835
20.105
22.326
19.776
20.017
25.737
20.898
20.953
23.808
26.856
20.229
21.902
24.39
20.172
21.02
21.124
21.646
26.381
19.964
20.899
23.534
20.15
22.547
20.956
24.736
21.577
20.323
19.929
23.963
22.034
21.428
20.415
20.992
23.471
19.954
19.964
21.379
21.609
20.063
24.337
23.279
21.003
20.741
19.701
20.473
20.541
21.588
27.031
20.101
20.19
20.056
22.86
20.763
20.723
26.253
22.073
21.252
20.319
21.384
20.473
20.49
20.605
23.759
21.035
22.903
24.004
20.256
19.935
20.535
25.246
21.045
20.044
20.331
22.159
23.587
20.995
29.015
20.02
20.755
19.426
23.292
19.739
22.963
20.712
19.822
20.343
19.156
19.568
20.742
21.225
21.021
26.874
21.529
20.379
20.856
21.761
27.687
25.563
21.194
21.937
20.039
35.053
21.136
19.592
38.825
39.801
45.587
41.781
19.377
22.646
22.736
20.342
21.104
20.222
29.62
23.175
21.503
21.063
21.463
22.839
22.673
37.751
28.427
24.154
21.863
31.037
20.016
20.471
20.678
21.444
20.915
22.69
42.129
22.012
20.993
20.827
20.871
19.965
19.942
20.011
21.142
19.492
19.323
20.826
19.568
22.287
24.829
22.202
20.207
19.959
21.692
21.267
21.58
31.125
21.595
25.209
20.575
20.323
28.217
20.304
21.013
21.074
22.619
32.51
28.296
33.555
24.901
24.435
22.067
21.465
20.949
21.265
28.819
21.082
22.846
23.154
21.019
20.224
21.087
22.098
23.557
21.616
22.601
23.123
20.839
24.2
23.322
23.165
21.419
21.804
25.464
22.428
24.574
20.942
21.751
19.93
23.391
30.975
20.528
24.558
22.456
20.458
20.388
22.445
23.111
22.163
20.184
27.156
23.666
20.606
20.223
24.101
21.017
22.626
30.673
20.39
20.097
20.183
20.993
21.122
20.43
20.791
22.693
22.56
20.372
21.298
20.454
20.533
20.003
26.264
20.064
20.883
22.364
22.052
23.686
22.166
27.09
22.23
20.498
21.083
22.987
21.05
21.282
24.6
20.904
20.874
20.347
23.767
25.404
23.388
24.241
22.696
21.942
22.196
20.048
20.384
19.965
20.407
20.278
21.092
20.219
19.384
19.943
19.641
26.74
21.173
20.72
19.534
21.988
21.574
23.439
22.304
21.853
24.061
21.275
21.511
24.142
19.652
21.012
22.16
22.512
21.123
24.17
20.611
20.42
35.872
19.289
19.352
20.694
19.903
20.757
25.82
20.474
21.13
20.176
20.601
22.838
19.914
25.546
20.821
20.606
23.364
23.234
19.926
21.94
22.016
21.845
20.797
20.27
20.632
26.922
21.845
21.401
25.737
20.771
20.865
22.221
20.735
20.588
20.324
22.708
22.859
21.464
20.379
19.938
22.119
20.862
20.136
22.757
22.894
20.191
21.389
21.73
22.361
52.819
23.154
20.22
22.586
21.232
23.499
23.8
25.145
21.991
22.452
21.312
19.937
20.811
20.781
22.372
25.209
19.783
20.091
19.795
25.64
28.562
21.708
19.757
20.379
20.49
25.561
19.931
20.941
20.293
20.185
20.04
22.846
21.762
20.448
21.705
25.603
77.597
32.081
21.399
19.731
22.496
20.757
25.902
24.114
20.331
22.118
21.696
21.759
20.175
20.649
23.916
21.593
20.364
33.866
27.141
22.31
21.864
20.718
22.204
21.859
24.166
20.619
21.21
20.329
20.156
22.956
22.02
25.365
22.707
23.939
20.949
27.419
21.091
20.335
20.843
35.667
25.673
25.031
20.171
22.569
21.109
20.917
19.886
23.374
21.051
22.693
20.536
19.708
20.814
22.62
20.496
21.609
20.648
21.221
22.389
21.933
36.963
28.241
21.557
20.627
20.45
19.76
19.654
30.702
20.292
19.614
19.356
19.255
20.31
55.92
28.47
21.956
20.028
19.626
39.525
21.56
20.861
20.138
19.706
28.667
22.713
19.894
23.714
20.369
20.615
21.118
21.207
24.143
21.845
23.046
23.848
20.921
20.112
21.15
19.512
33.785
20.904
24.394
21.567
24.677
19.221
20.902
20.872
21.266
24.717
20.519
21.106
21.055
19.944
26.37
21.68
24.714
20.755
43.19
20.904
20.726
20.607
22.066
22.797
21.678
20.122
19.603
19.738
21.029
21.426
20.236
21.024
20.596
21.575
19.672
19.688
20.323
23.214
21.72
22.196
23.356
20.997
20.413
20.659
20.348
36.917
21.23
22.716
19.356
20.368
19.931
20.621
21.097
24.143
25.021
20.857
22.597
21.525
21.725
24.879
19.521
35.258
23.809
22.702
20.42
22.799
19.976
20.348
23.389
20.799
21.069
22.725
20.551
19.712
21.617
26.941
40.517
21.304
22.692
21.44
22.737
38.018
26.568
20.822
20.114
20.91
25.714
22.364
32.792
21.775
23.073
21.518
20.014
20.665
23.269
24.36
23.314
24.818
19.479
19.804
21.115
21.179
20.54
24.983
21.797
31.173
20.911
21.174
20.448
19.955
21.205
21.553
20.259
21.704
20.931
23.671
25.218
19.995
24.567
20.606
21.754
23.368
20.816
23.193
20.851
29.756
20.457
21.567
21.117
21.044
20.71
19.919
21.321
20.332
21.435
23.732
23.233
21.933
22.129
24.05
38.853
25.049
21.138
21.728
20.567
19.317
21.527
20.738
25.988
22.903
21.753
21.426
19.791
20.074
19.921
22.478
23.184
23.47
22.026
21.857
35.811
26.385
28.27
22.416
25.318
21.045
25.333
29.393
32.67
95.221
98.315
30.894
27.453
22.978
19.998
20.371
20.855
21.87
21.292
23.51
21.618
22.194
21.921
21.351
21.062
20.086
22.556
20.265
23.338
20.801
28.827
27.653
22.272
21.669
19.78
21.106
21.119
20.559
28.065
19.926
20.762
20.729
41.219
44.615
19.888
20.281
22.977
19.52
20.372
19.891
20.734
21.266
22.466
20.731
20.803
21.091
26.169
21.435
22.323
27.554
46.539
23.558
29.023
22.803
22.854
20.44
20.256
21.306
24.287
20.8
20.276
19.934
22.448
25.137
20.544
20.816
23.683
26.253
23.949
21.812
20.916
20.32
20.399
20.46
21.566
20.972
19.984
21.098
24.414
20.079
19.996
22.989
20.226
22.796
25.616
28.875
21.985
21.1
22.837
21.186
20.241
22.277
20.786
23.554
21.613
20.261
19.284
20.75
19.822
25.11
22.255
26.533
20.992
22.975
20.853
22.007
21.056
21.656
21.807
22.831
25.962
22.195
22.191
22.416
22.2
21.011
19.916
23.649
20.027
21.321
21.493
27.948
21.627
20.056
20.391
20.343
19.959
20.745
20.978
20.7
20.103
20.125
20.839
20.966
20.989
21.531
36.084
21.453
23
20.783
20.137
21.022
43.482
26.284
25.205
21.961
19.255
21.393
25.268
21.868
22.384
20.377
20.517
19.441
26.663
18.956
20.978
20.757
25.854
21.147
20.462
23.009
22.859
21.813
20.064
20.555
20.876
19.998
23.947
21.085
23.541
19.892
19.139
19.816
23.778
20.581
21.258
20.614
19.794
20.382
19.707
29.435
20.631
20.279
19.739
19.909
20.726
20.043
21.908
22.684
20.656
20.36
23.48
20.132
21.407
21.611
20.536
21.078
21.913
20.903
20.714
21.854
20.616
20.261
32.427
19.206
20.682
19.417
19.573
24.777
23.293
20.31
20.57
20.05
19.551
20.472
23.032
19.094
23.901
19.951
20.014
19.355
21.547
22.303
19.929
21.579
19.655
20.853
22.55
19.764
20.797
21.273
22.175
19.512
21.321
20.986
23.707
20.322
20.279
20.51
20.293
20.409
20.902
23.86
21.28
21.273
20.659
20.536
22.23
22.664
21.035
21.947
20.962
20.841
25.972
29.274
21.246
29.353
40.469
19.954
21.794
21.438
34.493
20.455
26.711
22.609
40.872
23.181
22.628
21.577
22.17
27.059
23.358
19.685
19.256
22.204
21.49
21.492
22.674
27.394
22.664
20.684
22.98
21.154
22.001
24.719
20.357
19.802
20.698
22.949
21.662
20.486
24.637
19.913
21.73
20.499
23.663
21.206
20.841
24.903
22.193
20.696
22.104
20.395
20.536
20.071
20.567
25.394
20.354
20.763
21.381
21.449
20.043
20.657
19.833
25.54
23.537
21.528
20.759
20.965
22.221
20.597
19.213
21.423
19.965
20.807
20.184
20.14
21.465
19.787
21.367
21.798
21.581
25.085
20.234
22.359
21.683
20.394
21.164
20.502
19.845
20.621
27.165
19.879
23.954
21.777
20.436
22.344
20.425
22.541
19.716
33.844
23.829
23.127
23.844
21.482
21.147
20.891
22.223
29.592
22.946
20.475
21.717
22.497
20.315
20.381
20.67
20.227
21.751
21.766
24.318
19.702
22.502
25.487
19.667
20.315
24.219
21.814
21.256
22.572
21.901
22.048
21.914
25.202
27.492
23.881
20.349
21.782
23.708
23.09
24.145
24.26
21.412
21.672
27.899
20.078
20.175
23.478
25.479
23.741
21.963
20.344
20.915
21.218
20.826
21.862
20.306
20.876
20.198
21.712
23.543
20.607
26.681
22.217
19.696
22.04
21.936
22.726
19.624
20.811
20.357
20.205
21.591
19.843
26.441
20.264
19.803
20.63
20.451
20.781
22.904
19.875
19.42
20.126
25.072
20.548
25.11
19.438
21.261
22.743
19.866
19.548
29.38
21.227
26.048
23.746
20.79
22.103
22.114
20.955
20.243
20.712
22.173
19.97
20.243
22.373
20.005
20.465
21.642
21.02
19.599
56.444
24.719
20.429
41.162
22.493
24.025
25.804
21.306
21.238
20.331
19.747
22.854
27.301
20.16
20.65
19.912
19.209
21.227
20.039
20.065
20.497
20.695
20.491
20.813
21.945
20.117
19.62
25.312
23.416
25.331
20.518
20.073
20.668
19.886
21.068
19.655
26.293
20.552
20.165
20.61
19.953
24.921
21.806
19.56
21.104
23.205
20.913
20.688
21.845
21.21
20.355
21.104
20.785
20.35
20.962
20.876
20.803
21.366
20.559
20.265
29.903
20.268
22.993
22.447
20.955
22.819
23.894
21.699
23.471
21.813
20.792
29.265
21.088
19.822
20.213
20.222
19.304
20.143
19.157
20.388
19.259
23.729
21.82
21.533
19.584
20.129
19.542
22.284
20.536
20.886
21.632
21.592
19.799
20.279
19.422
27.481
19.831
21.552
19.907
