1.64633e+06
1.41548e+06
1.26957e+06
1.16552e+06
1.08302e+06
1.01592e+06
962814
916496
875299
839807
809240
783584
759300
737159
717404
699626
681942
664481
648274
633562
620048
608497
598119
588285
578931
570366
562357
554656
546933
539379
532553
526632
522048
518768
516212
514187
512726
512041
512401
513578
515616
518960
524020
531462
542212
558093
581675
608402
632466
650411
662523
670130
674090
675393
674371
671528
667499
662888
657818
652549
647249
641836
636581
631455
626766
622331
618701
615484
615517
618594
615211
601654
597260
729321
859102
784163
697901
660278
631423
620048
601079
582045
572614
575966
558964
546158
535427
528457
524837
519699
513000
508072
503341
498562
495050
492663
491668
491827
492974
495325
498790
503019
508016
512527
516894
521010
523641
523643
521880
519134
518874
509504
504223
493156
483760
474850
465746
456612
447546
438243
429254
420505
411668
403176
394772
386515
378671
371046
363580
356798
350286
344760
337812
332574
326945
321958
317689
313697
310196
307433
305217
302502
299987
297375
296056
298519
294914
292661
292645
290988
289989
289611
289302
289810
289438
290369
289692
290355
291487
295195
293894
295349
298753
300767
301402
303894
307193
308496
315198
308192
307981
307881
307972
307387
306563
306125
304710
303191
300202
297652
297417
300249
295102
297263
292034
292166
292519
295888
290952
283765
282572
280507
282872
277593
326367
278456
277323
292389
264210
263411
260061
259758
259403
260991
256947
256597
255391
255554
253371
251720
250455
249172
248490
246698
245080
243190
242048
241544
237808
236689
234841
232135
230454
228597
227704
226833
226620
225323
223872
222309
225162
224276
227307
242694
231666
247407
267733
268175
271470
252938
297124
324972
300106
349447
365283
397600
468090
371916
439978
463755
498857
650268
565700
512541
604061
644093
641572
801245
697440
580640
680307
669551
676589
819149
733921
623147
693838
736053
674214
813450
754575
651782
719310
758909
719348
764255
718829
644586
724984
753924
601145
710434
712468
642647
682310
683577
603033
702564
667428
580560
607493
566336
526218
531298
520388
501304
514807
504246
485021
484868
510148
552284
501638
488687
491764
480225
493134
497206
520026
542279
523294
513438
530279
487711
517185
488051
498499
520679
503232
520451
512905
570563
514407
510567
508580
538550
522398
487295
466691
469295
494163
505474
1.32287e+06
2.43088e+06
3.41732e+06
3.00822e+06
2.5183e+06
2.14681e+06
1.93099e+06
1.73933e+06
1.58876e+06
1.51925e+06
1.42435e+06
1.35941e+06
1.27036e+06
1.22834e+06
1.18945e+06
1.11867e+06
1.07205e+06
1.03989e+06
1.02155e+06
991323
983057
954844
943195
949053
920875
900414
897665
887140
886737
864933
873093
861854
868851
864995
855726
861160
839386
834290
817542
802317
793372
788298
781134
776595
784220
777151
762098
741170
729153
725918
722479
727370
729079
739102
740339
738750
735129
732381
731969
731584
731911
736337
729950
732234
724960
712261
719380
710586
715253
708439
708346
714208
707304
721067
716574
734454
742513
722778
775699
842389
879931
895259
918460
897187
815050
774965
809376
800397
804214
734837
745710
736737
754997
740754
748767
762174
708205
698088
694611
694126
708085
687187
723083
679226
675352
659627
645614
665334
628882
626996
605033
586573
582098
613008
623978
643567
619825
579975
561091
518244
525645
495608
537105
540768
518572
508739
523539
562028
517833
517657
535979
486399
475104
445575
460142
497099
454234
453709
466833
451243
482609
457066
465689
519139
429629
419828
397366
395186
462013
375233
344314
415861
393054
348153
381798
355959
432347
385273
351191
338458
345736
340248
365783
319904
314073
305569
320981
297912
277816
275970
284178
291337
281490
262757
283656
263444
266818
277816
275113
279673
264390
249945
236680
235423
236310
238462
249571
239562
248706
237477
276915
239799
244206
258994
291590
236223
221291
216708
249231
222643
264689
253003
226338
253309
214915
237482
258490
245713
229006
270619
549002
462761
568430
573051
647860
620685
523477
591255
577682
507507
560015
523000
491947
439240
414888
342978
350177
303804
269182
249838
233392
218823
240192
215943
202579
193593
222642
227137
207295
213167
223146
199560
205183
196232
189964
191029
201870
256846
252123
225999
223060
208800
207773
217632
221460
214202
213732
210379
209598
215178
239753
209033
228240
214886
215182
222218
234203
208466
197111
209816
254778
218012
198571
201828
206729
210875
228519
229903
204452
187780
190203
211041
243865
205783
196753
212654
208212
224475
221069
208142
199670
193362
207069
227036
204705
197384
192727
193273
195088
205361
197276
190363
184810
202038
203104
208170
200560
211238
203338
201342
203625
204576
194107
211749
209798
192307
224019
200304
191521
192441
185883
191043
194385
187377
189811
186894
180819
188852
182088
171734
171394
173440
171455
174060
173068
172601
177994
181895
176151
174087
175739
173104
173625
177625
173896
181952
185137
183076
175439
175422
173017
178525
179523
183479
182951
196336
186321
183542
177679
174245
200385
196771
187369
189417
192861
189137
184153
183419
190250
189405
178200
178411
177582
177034
179715
180467
183608
183996
201539
181466
176515
184825
184890
184111
183835
184824
196592
191227
191947
187790
185062
186442
193838
192832
194281
192726
193404
192831
194939
200502
204987
205145
197223
196551
206611
205311
195701
189775
195217
194199
191154
181405
181438
191318
189157
206097
201996
191005
199913
197263
195711
199318
201409
206601
193792
198754
204720
196421
195379
202559
189443
186428
192659
195911
184806
185100
188145
203507
227710
221933
212189
216078
212893
200861
202948
196667
188191
184411
186626
179150
173083
188041
228119
204997
206941
231138
197477
194325
202200
204561
203458
211770
209488
203532
186358
187985
186530
187717
192093
191161
195068
203142
207325
250129
218151
216985
202061
192310
194443
209758
217800
219889
216600
210094
214998
202017
197709
198082
196647
198417
218068
215277
203201
209131
217633
220508
217817
218999
218441
216605
215223
209282
197526
200014
205122
201025
388003
191322
183935
183012
177527
177912
210712
183778
188563
200288
184360
197741
194852
179085
176433
175457
182312
182485
185176
178619
178984
179439
179545
177072
177728
179493
182034
186905
188051
186233
193754
195291
198851
202401
197715
204998
216362
216548
229760
221476
218465
231672
253191
255511
240614
244848
265853
287013
273233
262062
267530
265881
267075
239846
234688
233624
314080
238649
234963
222674
224111
215787
239888
207211
216666
206034
189812
174508
170614
169395
153974
152249
156397
146422
137089
129982
122062
121044
121212
116027
115997
108188
106273
110827
106336
103159
107956
127533
101925
100886
101776
102723
102636
101053
101965
97886.9
96667.9
95699.9
92991.1
90299.8
88509
88303.2
87027.6
88104.2
86401.6
84815.9
83051.4
82148.6
81758.5
80510.2
80403
80152.2
80412.3
79788.2
78804.8
78186.7
77349.5
77653.3
76072.9
75914.2
75688
75825.5
75102.4
75931.5
75448.2
76039.2
108389
154427
93395.1
115127
94928.1
92889.8
90369.4
88985.5
90672.2
85691.6
86227.2
81292.5
80057.4
80988.9
79866.7
77738.4
77804.6
76989.1
76193.7
75438.6
74645.8
73664.4
73262.9
71901.7
71737
71483.7
69853.3
69721.1
70544.6
70095.8
70605.8
70806.9
68527.8
68342.6
67999.4
69407.1
72727.4
70144
69045.2
69128
68736.3
68710.4
69555.5
71340.9
69560.1
68781.1
70121.9
69265.2
68621.3
66685.6
68342.9
65269.7
65061
65142.6
63914.9
63172.2
63283.6
63667.9
63248.3
63160.6
64316.6
62717.5
61007.5
59298.4
58007
58517.6
59844.4
58513.8
58381.8
57613.6
57414.3
57268.9
57181.2
58592.4
58937.7
62156.7
61014.4
63041.6
65716.5
62231.8
63453
65743.7
63707.8
64046.9
62994.3
64243.8
64218.4
61052.9
65529.4
64209.4
64023.8
64944.8
64754.1
65767
64120.6
62632.4
65075.3
64045.3
64927.6
63610.6
64124
65443.6
64385
63946.3
64093.3
62727.8
64346.3
62741.7
63072.1
64849.5
64820
64760
70527.7
69958.6
69273.2
65939.9
65870.3
65226.9
65011.6
63246
65835.7
64377.1
61837.9
65076.3
64117.2
71811.5
66564.4
67012.5
65426.6
66054.7
63766.8
63861.8
65089.5
66001
67349.8
69160.5
71855
67997.8
66551.6
65091.3
68315.4
67575.7
67218.4
67713
69346.7
70854.2
67379.8
67513.4
66315.2
63043.9
63837.3
63086.7
63454.7
66045.3
61881.2
61828.2
60410.7
61194.8
59963.8
60834.1
61439.9
61311.9
62544.4
63481.8
61780.5
65699
67469.7
63688.5
66848
60808.1
65545.6
64178.6
66164.9
62879.5
70567.2
65865.8
63950.8
63280.8
61391.7
61702
61954.4
63341.7
60944.3
61646.7
62291.3
65185.2
63960.5
58834.6
61118.8
58709.7
61545.5
59993.9
59111.1
57723.7
57964
57288.4
60319.1
58452.7
58182.6
56399.6
53613.8
57143.3
53567.7
53867.4
52771.2
52467.1
51421.4
49700.9
52498.9
51580.9
54484.4
50795.8
53143.7
51853.8
53633.6
51042.4
50066
54468.5
51559.5
53187.6
50005.2
49251.6
54084.6
54564.2
56953.2
53506.8
50900.4
54844.5
49247.9
49775.8
51402.2
47270.8
61567.9
45859.4
49694.6
49583.7
43067.6
65677.5
61990.1
67305.7
60766.4
47865.9
52018.3
54019.5
54982.2
57502
48642.6
52691.9
48514.8
46348.7
50095.8
46005.6
54416.6
44002.3
46190.9
48124
46255.3
54838.9
48941.1
51305.2
46800.6
50228.4
45447.4
49531.7
44760.6
44820.7
42815.9
40075.5
41532.1
42827.9
39760.5
44327.4
39907.2
43338.6
43848.3
39022.7
39550.7
38611.4
36086.5
37494.7
40815.9
38706.7
42643.3
42724.7
44038.1
50038.6
42873.6
42433.9
44653.7
44859.8
40711
38423.6
34787.2
38659.5
38359.1
41710.7
36783.4
38160
37839.7
38850.7
34968
36429.3
38547.9
35873.5
32139.2
30270.1
30591.4
30195.5
30322.5
30330
30283.4
29610.4
29661.4
29883
28801.8
30505.1
29091.6
30076.2
30145.2
31325.7
29895
28994.5
29615.8
28126.4
27877.9
27236
26878.2
26653.3
27210
28914.1
28879.1
27245.7
27013.6
26740.7
25778.8
26908.1
26925.7
29431.9
27085.8
25519.9
50364.9
28264.4
28263.5
29833.4
28827.2
27445.9
27295.1
26783.4
25706.6
30172.4
29934
26459.5
24082.3
26366.1
26180.2
27611.6
26541.8
25369.8
26595.7
29918.8
28061.3
27939.4
27965.2
34358.9
30356.4
29530.3
28463.6
27692.5
27346.9
28209.8
30737.5
31504.8
30109.7
28880.3
32833.2
31063.9
29057.2
30052.9
28445.9
28205
28221.6
29413.4
29462.8
28885.7
28559
30128.3
40554.8
33791.3
35160.2
35803.2
38248.1
39768.1
35921.6
34092.9
34290.5
35166.5
34060
29079.2
30247.3
29676.3
28000.8
28194.6
27918.4
29262.7
30570.9
32453.1
35908.8
34948.8
32551
32661
34609
38568.7
39114.3
41254.5
36074.6
31463
33754.8
32123.2
46573.8
40687.7
40951.3
40818.2
40305.5
34875.4
33672.4
33415.7
34544.3
34248.1
32360.2
33684.5
34801.2
35491.5
34066.4
36137.1
37188.5
37688.4
38429.1
37523.2
36621.1
38105.9
37558
35291
34469.5
32385
32176.4
32811.6
31893.2
31470
31710.3
32376.9
32500.5
32358.5
31456.4
34137.3
30455.7
30884.4
31838.9
33093.2
30891.8
29494
37345.2
33506.9
32890.4
31079.9
31653.6
32743.7
31277.6
30245.1
32930.9
31486.9
30710.3
31639.9
29931.7
29745
32298.4
34112.9
34231.6
36107.9
35037.8
33938.5
32512.9
33803.7
34062.7
33071.7
33515.2
34126.2
33425.6
35046.9
33953.7
31923.2
31674.5
32035.1
32612
31781.3
30311.2
31507.5
30290.7
30372
31010.6
31710.7
33590.8
35202
32480
30741.5
31202.5
31472.9
31490.8
31519.5
33158.7
32583.5
32312.5
34239.2
31786.9
27098.6
27399.3
27440.3
27525.7
26648.7
29854.1
31873.4
28125.7
30789.4
29550.7
29977.8
29185.9
28751.8
29740.9
32075.7
28991.2
35738.4
44315.9
35054.5
34708.4
36688.6
33142.1
30145.4
32292.7
30982.2
30370.6
29950.9
33060.7
31378.2
30587.3
31128.5
33668
36579.3
41879.1
40635.1
35300.6
35036.5
35402.1
35003.5
34935.7
35439.6
35904.7
36453.1
33796.8
33233.5
34811
29664.8
30394.1
30525.4
30233.1
30971.6
30723.4
33256.9
31675.2
30481.1
35087
32234.4
30185.8
31588.1
28218.8
29758.3
30495.1
29223.5
30400
28133.8
29436
35552.6
31519.7
27021.2
27750.2
29002.5
28539.9
32344.1
35827.3
28625.7
29280.9
29072.4
28807.5
31689.2
28798.8
32324.8
32193.4
29336.2
31073.6
27981.1
28175.9
30184.5
30571.6
34480.9
29932.4
30848.2
31876.5
26121.1
28107.1
29637.9
26396
26296.5
31327.4
31757.6
26858
31224.6
29933.7
25415.6
29756
31660.2
25737.5
28186.1
28534.9
26635.2
28639.6
30519.2
27711.9
28089.4
30235.4
35698.3
28056.1
29405.2
26017.1
29875
32788.7
33695.2
29347.2
29716
24658.3
29364.7
31218.2
25523.5
27671.4
27925.2
27513.8
29107.9
27642.1
29976.6
30056.1
24985.8
30693.2
33824.6
26575
30674.7
26492
30929.7
30380.9
27924
32858.7
32984
27846.9
30179.5
32266.9
28657.9
29878.8
29147.8
30288.4
32113.5
27249.4
30737.9
35486.5
29446.5
31640
28403.3
28792.7
28752
29287.4
30878.9
31153.8
26356
29785
31551.3
26182.4
29510.4
34826.5
25960
29467.6
35866.7
27881.6
31530.6
31891.2
32551.8
32414.4
35204.3
29112.5
29469.2
28784.2
30861.7
34938.7
29570.8
33492.5
25989.6
27009.5
29168
30010.6
28792.4
25437.9
26713
27925.6
30912.9
24840.6
25530.5
27727.8
32010.6
24769.2
26648.6
26972.8
24502.4
24429
28859
31125.8
24672.4
30054.6
29658.4
27221.4
26066.4
28653.5
28597.3
26481.9
28247.7
24665.7
26887.6
30148.1
26586.1
28763.6
29623.7
23933.3
28319.8
31077.4
24002.4
28627.6
29972.9
24233.6
28632.5
28706.1
25053.8
25719.8
30920
30693.6
26084.6
30268
32428
35406.7
28181.6
29165.1
29738.5
33102.8
25369
29251.1
28500.5
24415.3
24101.7
29840.1
29471.7
23902.3
24745
29414.5
29436.7
25819.6
28764.5
31394.8
30509.4
27212.9
26510.7
29508.2
31347.5
25699.1
31078.2
34617.2
37212.1
30505.8
36035.9
35782.4
29448.3
31564.5
33934
35701.7
32060.3
31032.6
33973.2
32101.8
29815.5
37111.6
32851.7
31747.4
42659.4
27219.8
36788.8
32040.1
31564.8
27241.6
27241.3
30515.7
41339.5
25186.8
26686.8
30021.3
46326.7
23995.4
28790.1
28016.6
29677.2
26257.8
24317.9
28832.1
28678.4
48540.3
27072
25692.8
27328.3
28819.5
27465.2
26474
23672.3
27338.3
27052.9
26907.2
23343.3
17463
17726.6
17542.6
17741.6
17476.4
17445
17228.2
15082
15375.4
14696.6
14652.4
15002.7
14718.4
13929.4
13943.7
13459.1
13366.4
13644.6
13979.1
14630.7
14966.4
14127.2
13914.4
13842.2
13737.8
13041.4
12206.3
12772.7
12766.5
12926.6
12913.7
12976.7
12596.9
13341.9
13313.7
15376
14692.1
14429.7
13710.8
14982.9
14137.4
13498.4
13372
14701.3
13560.8
12978.6
13004.5
13507.3
13023
12005.5
13146.6
13064.2
12729.2
12829.8
12698.6
12142
11834.1
11753.6
11903.4
11572.8
12206.7
11501.5
11754.1
11942.3
11772.4
11539.7
11983
12167.4
11674
12670.2
12427
12274.7
13550.2
13220.8
13212.8
13718.9
14294.6
15729.3
15118.4
14571
13849.6
13481.4
15088.2
16157.2
16244.3
16000
19663.3
16042.3
15311.1
14666.1
16130.6
14489
15677.4
16412.9
18230.6
20555.9
19871.9
16572.4
18170.5
16808.4
15521.6
15850.3
20229.2
17862.9
17443
17411.4
19981.9
18716.6
17164.4
19116.9
16329.3
21249.2
18396.8
17874.1
21677.2
23761.2
21307.2
20215.1
19055.3
19824.1
24111.1
19182.6
18628.7
18552.1
17584.9
18279.5
17620.3
17847.1
15636.1
14147.8
14861
16416.2
17791.7
14761.2
16018.1
16634.6
15417.1
14698.3
15483.6
16548.2
15578.4
14709.8
15383.6
16340.3
14938.3
15008.5
16185.6
14310.2
15339.6
15682.1
14807
15968
14976.6
15434.8
15677.2
15092.4
15237.4
15002.4
15249.3
15817.6
15389
14684.9
14901.2
15615.5
14930.5
14325.6
14041.3
14854.7
14568
13417.2
13598.1
13719
14700.6
15806.5
14592.3
17772.6
14983
19500.7
41243.7
18875.8
16195.3
14320.9
40876.3
19074.8
20525.2
17867.7
17647.3
17661.5
17215.9
16343.3
15882.6
16492.1
15796.4
13967.4
14358.6
25011.5
19111.4
14807.2
21169.6
12705.5
17413.5
12626.9
13461.9
12923.7
12083.7
13642.4
14387.9
13095.3
14460.8
12530.5
11192.5
21219
11603.1
12405.8
12166.1
14785.1
16797.2
14017.3
12904.7
12429.7
18982.4
18680.4
12687.7
12134.8
18728.2
15857.8
14009.3
15192.4
12817.3
14082.4
13827
12618.6
11699.8
11655.4
12152.6
11660.8
11690.3
12257.5
11637
11829.2
13487.5
