1.48744e+06
1.2526e+06
1.10481e+06
999839
922546
859319
809381
769703
734168
704720
676100
649778
626985
608659
592556
577870
564858
552435
540316
530311
523650
519561
516759
515874
517525
521404
529372
543966
570877
614368
651116
671091
679652
680754
676423
669057
660726
651900
643143
634587
627434
621181
619025
624385
603233
748240
824823
721524
656762
627493
592264
581030
563027
543754
532182
527791
515546
508254
500041
495298
494144
495638
499472
506801
515391
524471
530614
527060
522120
516192
508960
487231
471664
456927
442013
427753
413362
399705
388294
374946
363659
352154
342861
333027
325113
320918
313284
308627
306577
300268
296768
296210
298007
296038
292865
291695
293122
298962
299113
299149
305775
303670
314105
311036
309610
312281
308616
309436
310726
316418
307757
300922
298336
294568
292690
289700
289996
291969
295322
319691
280660
306682
283084
267418
262319
264062
264769
258932
258743
256112
256048
255407
252692
249886
247207
244780
247316
238973
234993
233416
232440
229929
229688
226245
227616
236660
244018
241113
255173
263606
288438
295702
304824
354569
356938
410936
515264
466870
591226
598693
823037
640374
765752
720276
793552
645043
763452
774775
769651
673462
828001
779904
743007
767360
750940
769945
718506
750325
615003
724410
635621
679533
581320
593972
555022
612086
552964
588043
565117
574448
553854
525388
482469
502244
486009
467044
493754
463875
475803
495051
489139
491146
489873
474757
450582
444228
427811
434746
458590
437064
437712
441591
530203
704516
