0.12533547935523e-1
0.78957634722828e1
-0.87803203303561e1
0.31802509345418
-0.26145533859358
-0.78199751687981e-2
0.88089493102134e-2
-0.66856572307965
0.20433810950965
-0.66212605039687e-4
-0.19232721156002
-0.25709043003438
0.16074868486251
-0.40092828925807e-1
0.39343422603254e-6
-0.75941377088144e-5
0.56250979351888e-3
-0.15608652257135e-4
0.11537996422951e-8
0.36582165144204e-6
-0.13251180074668e-11
-0.62639586912454e-9
-0.10793600908932
0.17611491008752e-1
0.22132295167546
-0.40247669763528
0.58083399985759
0.49969146990806e-2
-0.31358700712549e-1
-0.74315929710341
0.47807329915480
0.20527940895948e-1
-0.13636435110343
0.14180634400617e-1
0.83326504880713e-2
-0.29052336009585e-1
0.38615085574206e-1
-0.20393486513704e-1
-0.16554050063734e-2
0.19955571979541e-2
0.15870308324157e-3
-0.16388568342530e-4
0.43613615723811e-1
0.34994005463765e-1
-0.76788197844621e-1
0.22446277332006e-1
-0.62689710414685e-4
-0.55711118565645e-9
-0.19905718354408
0.31777497330738
-0.11841182425981
-0.31306260323435e2
0.31546140237781e2
-0.25213154341695e4
-0.14874640856724
0.31806110878444